Timestamp,Symbol,Open,High,Low,Close,Volume,ATR,AvgATR,AvgVolume
2025-11-22 21:58:26,BTC/USD,84448.64,84448.64,84447.00,84448.64,0.035759,76.7271,76.7271,11.952958
2025-11-22 21:58:29,BTC/USD,84438.78,84438.78,84438.78,84438.78,0.017810,51.2157,51.2157,7.974535
2025-11-22 21:58:33,BTC/USD,84423.03,84423.03,84409.90,84409.90,0.000438,24.7593,24.7593,7.974535
2025-11-22 21:58:36,BTC/USD,84410.56,84415.00,84409.75,84415.00,0.024416,24.0507,24.0507,7.974535
2025-11-22 21:58:40,BTC/USD,84395.32,84409.90,84395.31,84409.90,0.007809,36.9186,36.9186,7.974535
2025-11-22 21:58:43,BTC/USD,84391.51,84391.51,84391.50,84391.50,0.021573,38.5771,38.5771,7.974535
2025-11-22 21:58:47,BTC/USD,84394.62,84394.62,84394.62,84394.62,0.023760,37.1543,37.1543,7.974535
2025-11-22 21:58:50,BTC/USD,84394.63,84394.63,84394.63,84394.63,0.017081,35.4779,35.4779,7.974535
2025-11-22 21:58:54,BTC/USD,84396.33,84396.39,84392.00,84392.00,0.044362,7.6186,7.6186,7.974535
2025-11-22 21:58:57,BTC/USD,84398.00,84398.00,84397.00,84397.00,0.004526,5.9636,5.9636,7.974535
2025-11-22 21:59:01,BTC/USD,84383.91,84397.72,84383.91,84397.72,0.035580,10.2207,10.2207,8.454504
2025-11-22 21:59:04,BTC/USD,84396.02,84396.02,84396.02,84396.02,0.000348,10.6293,10.6293,8.454504
2025-11-22 21:59:08,BTC/USD,84401.59,84401.59,84401.59,84401.59,0.000045,11.1321,11.1321,8.454504
2025-11-22 21:59:11,BTC/USD,84389.00,84400.00,84380.08,84380.08,0.020201,16.2643,16.2643,8.454504
2025-11-22 21:59:15,BTC/USD,84384.00,84384.00,84380.08,84381.38,0.004645,12.5186,12.5186,8.454504
2025-11-22 21:59:18,BTC/USD,84381.40,84381.40,84381.40,84381.40,0.005779,10.6629,10.6629,8.454504
2025-11-22 21:59:22,BTC/USD,84381.40,84381.40,84381.39,84381.39,0.002739,8.9107,8.9107,8.454504
2025-11-22 21:59:25,BTC/USD,84387.12,84389.97,84387.12,84389.97,0.000047,3.7007,3.7007,8.454504
2025-11-22 21:59:29,BTC/USD,84397.43,84398.95,84380.70,84380.70,0.015997,5.2414,5.2414,8.454504
2025-11-22 21:59:32,BTC/USD,84399.84,84401.59,84399.83,84401.59,0.006947,5.7607,5.7607,8.454504
2025-11-22 21:59:36,BTC/USD,84397.69,84397.69,84397.69,84397.69,0.001750,5.8114,5.8114,8.454504
2025-11-22 21:59:39,BTC/USD,84399.92,84405.99,84399.92,84405.99,0.012306,6.3607,6.3607,8.454504
2025-11-22 21:59:43,BTC/USD,84412.09,84416.84,84408.00,84408.00,0.008986,6.3329,6.3329,8.454504
2025-11-22 21:59:47,BTC/USD,84416.67,84588.00,84413.99,84418.17,0.344351,18.6871,18.6871,8.454504
2025-11-22 21:59:50,BTC/USD,84422.01,84422.01,84422.01,84422.01,0.000222,19.2479,19.2479,8.454504
2025-11-22 21:59:54,BTC/USD,84418.09,84418.09,84418.08,84418.08,0.015826,18.6579,18.6579,8.454504
2025-11-22 21:59:57,BTC/USD,84418.09,84418.09,84418.09,84418.09,0.001935,18.1164,18.1164,8.454504
2025-11-22 22:00:01,BTC/USD,84414.36,84414.36,84414.36,84414.36,0.002377,17.5300,17.5300,8.454504
2025-11-22 22:00:04,BTC/USD,84416.65,84416.65,84416.64,84416.64,0.008485,7.0550,7.0550,8.454504
2025-11-22 22:00:08,BTC/USD,84402.94,84402.94,84402.94,84402.94,0.000095,10.0786,10.0786,8.374616
2025-11-22 22:00:11,BTC/USD,84402.93,84407.00,84387.69,84407.00,0.292035,11.9714,11.9714,8.374616
2025-11-22 22:00:15,BTC/USD,84397.00,84400.00,84391.51,84400.00,0.064398,16.4921,16.4921,8.374616
2025-11-22 22:00:18,BTC/USD,84399.99,84399.99,84398.03,84398.03,0.003004,12.1621,12.1621,8.374616
2025-11-22 22:00:22,BTC/USD,84398.06,84402.00,84398.03,84402.00,0.070101,10.5679,10.5679,8.374616
2025-11-22 22:00:25,BTC/USD,84388.00,84388.00,84387.00,84387.00,0.000374,11.5886,11.5886,8.374616
2025-11-22 22:00:29,BTC/USD,84382.38,84388.10,84382.38,84384.07,0.016528,7.1321,7.1321,8.374616
2025-11-22 22:00:33,BTC/USD,84394.00,84398.65,84394.00,84398.65,0.012868,7.6793,7.6793,8.374616
2025-11-22 22:00:36,BTC/USD,84391.58,84402.40,84388.10,84402.40,0.015984,9.2193,9.2193,8.374616
2025-11-22 22:00:40,BTC/USD,84398.14,84398.14,84398.14,84398.14,0.000176,5.8771,5.8771,8.374616
2025-11-22 22:00:43,BTC/USD,84398.09,84398.09,84398.09,84398.09,0.000120,5.6629,5.6629,8.374616
2025-11-22 22:00:47,BTC/USD,84392.02,84392.02,84392.01,84392.02,0.006046,5.6314,5.6314,8.374616
2025-11-22 22:00:51,BTC/USD,84384.07,84384.07,84384.07,84384.07,0.002639,4.3764,4.3764,8.374616
2025-11-22 22:00:54,BTC/USD,84398.50,84398.50,84387.32,84387.34,0.001633,6.3843,6.3843,8.374616
2025-11-22 22:00:58,BTC/USD,84387.34,84387.34,84387.34,84387.34,0.000288,7.3907,7.3907,8.374616
2025-11-22 22:01:01,BTC/USD,84378.01,84398.50,84378.00,84378.00,0.005163,7.8021,7.8021,8.374616
2025-11-22 22:01:05,BTC/USD,84367.52,84367.53,84367.52,84367.53,0.004930,24.1057,24.1057,8.374616
2025-11-22 22:01:08,BTC/USD,84371.00,84371.00,84371.00,84371.00,0.001528,50.9921,50.9921,8.333194
2025-11-22 22:01:12,BTC/USD,84354.03,84362.00,84354.03,84360.16,0.028703,51.0664,51.0664,8.333194
2025-11-22 22:01:15,BTC/USD,84366.05,84368.43,84366.05,84368.43,0.000809,49.9571,49.9571,8.333194
2025-11-22 22:01:19,BTC/USD,84398.50,84398.50,84368.64,84369.76,0.000931,34.9493,34.9493,8.333194
2025-11-22 22:01:22,BTC/USD,84380.01,84380.01,84380.01,84380.01,0.000864,21.2936,21.2936,8.333194
2025-11-22 22:01:26,BTC/USD,84377.98,84377.98,84377.98,84377.98,0.059850,5.3993,5.3993,8.333194
2025-11-22 22:01:30,BTC/USD,84386.00,84386.00,84377.98,84377.98,0.305142,7.0321,7.0321,8.333194
2025-11-22 22:01:33,BTC/USD,84375.99,84379.00,84369.31,84379.00,0.068638,6.8443,6.8443,8.333194
2025-11-22 22:01:37,BTC/USD,84367.52,84367.52,84367.52,84367.52,0.006213,11.4686,11.4686,8.333194
2025-11-22 22:01:40,BTC/USD,84374.00,84374.00,84374.00,84374.00,0.100670,11.9157,11.9157,8.333194
2025-11-22 22:01:44,BTC/USD,84391.99,84391.99,84391.99,84391.99,0.000288,11.3664,11.3664,8.333194
2025-11-22 22:01:47,BTC/USD,84389.12,84398.50,84381.18,84381.18,0.082339,12.5100,12.5100,8.333194
2025-11-22 22:01:51,BTC/USD,84388.02,84392.00,84388.02,84392.00,0.011731,9.5950,9.5950,8.333194
2025-11-22 22:01:54,BTC/USD,84388.02,84388.04,84388.02,84388.04,0.016837,9.3471,9.3471,8.333194
2025-11-22 22:01:58,BTC/USD,84391.00,84398.50,84391.00,84393.61,0.001103,8.5293,8.5293,8.333194
2025-11-22 22:02:01,BTC/USD,84393.61,84393.61,84393.61,84393.61,0.000112,7.8207,7.8207,8.333194
2025-11-22 22:02:05,BTC/USD,84388.02,84388.02,84388.02,84388.02,0.002585,3.1729,3.1729,8.333194
2025-11-22 22:02:09,BTC/USD,84376.26,84398.50,84376.26,84398.50,0.003287,4.8236,4.8236,8.333194
2025-11-22 22:02:12,BTC/USD,84376.25,84376.26,84376.25,84376.26,0.005225,6.0136,6.0136,8.333194
2025-11-22 22:02:16,BTC/USD,84392.05,84407.99,84392.05,84407.99,0.214466,7.7621,7.7621,7.408390
2025-11-22 22:02:19,BTC/USD,84396.00,84396.00,84396.00,84396.00,0.000330,8.4393,8.4393,7.408390
2025-11-22 22:02:23,BTC/USD,84398.00,84398.00,84398.00,84398.00,0.013080,8.9257,8.9257,7.408390
2025-11-22 22:02:26,BTC/USD,84404.02,84404.02,84402.02,84402.02,0.007443,6.3214,6.3214,7.408390
2025-11-22 22:02:30,BTC/USD,84390.38,84398.40,84390.38,84398.40,0.002097,6.5114,6.5114,7.408390
2025-11-22 22:02:33,BTC/USD,84386.00,84386.00,84376.27,84376.27,0.001016,6.8079,6.8079,7.408390
2025-11-22 22:02:37,BTC/USD,84376.26,84376.27,84376.26,84376.27,0.008819,5.7286,5.7286,7.408390
2025-11-22 22:02:40,BTC/USD,84376.43,84398.50,84376.43,84398.50,0.046173,9.0064,9.0064,7.408390
2025-11-22 22:02:44,BTC/USD,84340.56,84340.58,84340.56,84340.58,0.115172,41.0914,41.0914,7.408390
2025-11-22 22:02:47,BTC/USD,84353.45,84353.45,84352.01,84353.45,0.006809,43.2907,43.2907,7.408390
2025-11-22 22:02:51,BTC/USD,84352.01,84354.79,84352.00,84352.02,0.008335,45.5564,45.5564,7.408390
2025-11-22 22:02:55,BTC/USD,84350.02,84350.02,84350.02,84350.02,0.002317,49.1757,49.1757,7.408390
2025-11-22 22:02:58,BTC/USD,84366.00,84366.00,84358.01,84358.01,0.030206,18.3021,18.3021,7.408390
2025-11-22 22:03:02,BTC/USD,84363.16,84363.16,84361.02,84361.02,0.017104,13.5514,13.5514,7.408390
2025-11-22 22:03:05,BTC/USD,84368.63,84368.63,84366.01,84366.01,0.015000,12.0150,12.0150,7.408390
2025-11-22 22:03:09,BTC/USD,84377.10,84539.00,84377.10,84539.00,0.048545,16.2736,16.2736,7.408390
2025-11-22 22:03:12,BTC/USD,84393.00,84398.94,84393.00,84398.94,0.054987,25.2529,25.2529,7.408390
2025-11-22 22:03:15,BTC/USD,84407.88,84407.88,84392.03,84402.00,0.161753,38.3043,38.3043,7.408390
2025-11-22 22:03:19,BTC/USD,84398.93,84398.94,84366.10,84398.94,0.013231,40.7143,40.7143,6.445066
2025-11-22 22:03:22,BTC/USD,84389.95,84389.95,84389.95,84389.95,0.002908,40.7721,40.7721,6.445066
2025-11-22 22:03:26,BTC/USD,84395.00,84395.00,84366.10,84395.00,0.005771,36.0550,36.0550,6.445066
2025-11-22 22:03:29,BTC/USD,84366.10,84404.88,84366.10,84404.88,0.033362,30.1036,30.1036,6.445066
2025-11-22 22:03:33,BTC/USD,84403.06,84414.00,84398.50,84414.00,0.093558,47.2650,47.2650,6.445066
2025-11-22 22:03:37,BTC/USD,84398.50,84398.50,84383.08,84394.00,0.018479,48.3407,48.3407,6.445066
2025-11-22 22:03:40,BTC/USD,84380.08,84380.08,84376.27,84376.27,0.023263,45.0471,45.0471,6.445066
2025-11-22 22:03:44,BTC/USD,84382.00,84382.00,84382.00,84382.00,0.000012,37.1557,37.1557,6.445066
2025-11-22 22:03:48,BTC/USD,84376.27,84398.50,84376.27,84376.27,0.001029,10.9143,10.9143,6.445066
2025-11-22 22:03:51,BTC/USD,84378.04,84378.04,84378.04,84378.04,0.000241,8.1386,8.1386,6.445066
2025-11-22 22:03:55,BTC/USD,84381.18,84381.18,84378.04,84378.04,0.004023,6.4507,6.4507,6.445066
2025-11-22 22:03:58,BTC/USD,84378.04,84378.04,84378.04,84378.04,0.030197,5.4836,5.4836,6.445066
2025-11-22 22:04:02,BTC/USD,84392.40,84392.40,84388.03,84388.03,0.001304,8.7300,8.7300,6.445066
2025-11-22 22:04:05,BTC/USD,84448.80,84448.80,84388.03,84388.04,0.029403,12.5193,12.5193,6.445066
2025-11-22 22:04:09,BTC/USD,84396.13,84396.14,84396.13,84396.14,0.000798,11.3286,11.3286,6.445066
2025-11-22 22:04:12,BTC/USD,84383.88,84383.89,84383.88,84383.89,0.000261,15.7879,15.7879,6.445066
2025-11-22 22:04:16,BTC/USD,84387.32,84387.32,84387.32,84387.32,0.015091,16.1257,16.1257,6.445066
2025-11-22 22:04:19,BTC/USD,84394.58,84398.00,84392.40,84396.01,0.040307,12.0236,12.0236,6.445066
2025-11-22 22:04:23,BTC/USD,84392.40,84392.40,84392.40,84392.40,0.004917,9.0721,9.0721,6.445066
2025-11-22 22:04:26,BTC/USD,84399.11,84399.11,84395.32,84395.32,0.022255,5.1871,5.1871,6.389015
2025-11-22 22:04:30,BTC/USD,84393.98,84399.06,84393.98,84393.98,0.001525,5.4507,5.4507,6.389015
2025-11-22 22:04:33,BTC/USD,84393.98,84393.98,84393.98,84393.98,0.023012,5.0871,5.0871,6.389015
2025-11-22 22:04:37,BTC/USD,84402.02,84402.02,84402.01,84402.01,0.113337,4.0264,4.0264,6.389015
2025-11-22 22:04:40,BTC/USD,84394.00,84394.00,84392.40,84392.40,0.000047,5.0279,5.0279,6.389015
2025-11-22 22:04:44,BTC/USD,84387.32,84394.00,84387.31,84392.40,0.042811,5.3829,5.3829,6.389015
2025-11-22 22:04:48,BTC/USD,84393.29,84393.29,84393.29,84393.29,0.000117,5.4093,5.4093,6.389015
2025-11-22 22:04:51,BTC/USD,84464.00,84465.00,84401.26,84401.26,0.119700,10.1029,10.1029,6.389015
2025-11-22 22:04:55,BTC/USD,84401.35,84408.17,84401.35,84408.17,0.023885,9.1750,9.1750,6.389015
2025-11-22 22:04:58,BTC/USD,84407.95,84407.95,84402.02,84402.02,0.061434,9.3250,9.3250,6.389015
2025-11-22 22:05:02,BTC/USD,84402.03,84410.68,84402.03,84410.68,0.079688,9.3750,9.3750,6.389015
2025-11-22 22:05:05,BTC/USD,84408.02,84409.32,84408.02,84409.32,0.000374,6.6007,6.6007,6.389015
2025-11-22 22:05:09,BTC/USD,84414.36,84586.00,84414.36,84424.00,0.249197,20.1743,20.1743,6.389015
2025-11-22 22:05:12,BTC/USD,84427.29,84427.29,84426.87,84426.87,0.038312,21.4229,21.4229,6.389015
2025-11-22 22:05:16,BTC/USD,84427.00,84427.00,84422.00,84422.00,0.011748,22.7550,22.7550,6.389015
2025-11-22 22:05:20,BTC/USD,84406.74,84413.00,84392.40,84413.00,0.134896,24.5886,24.5886,6.389015
2025-11-22 22:05:23,BTC/USD,84402.93,84402.94,84402.02,84402.02,0.006857,24.2307,24.2307,6.389015
2025-11-22 22:05:27,BTC/USD,84406.05,84406.05,84392.40,84406.05,0.003183,8.7286,8.7286,6.389015
2025-11-22 22:05:30,BTC/USD,84408.00,84410.55,84408.00,84410.55,0.000238,8.9386,8.9386,6.383141
2025-11-22 22:05:34,BTC/USD,84408.00,84408.00,84408.00,84408.00,0.000210,7.8486,7.8486,6.383141
2025-11-22 22:05:37,BTC/USD,84404.89,84404.89,84404.89,84404.89,0.000316,5.1550,5.1550,6.383141
2025-11-22 22:05:41,BTC/USD,84408.56,84408.56,84408.56,84408.56,0.000025,7.4929,7.4929,6.383141
2025-11-22 22:05:44,BTC/USD,84408.55,84412.00,84408.55,84412.00,0.005455,6.7650,6.7650,6.383141
2025-11-22 22:05:48,BTC/USD,84402.05,84402.05,84402.05,84402.05,0.001253,6.9907,6.9907,6.383141
2025-11-22 22:05:51,BTC/USD,84402.05,84402.05,84402.05,84402.05,0.000401,5.7750,5.7750,6.383141
2025-11-22 22:05:55,BTC/USD,84402.05,84402.05,84402.05,84402.05,0.005225,3.0750,3.0750,6.383141
2025-11-22 22:05:58,BTC/USD,84410.78,84410.78,84392.50,84408.03,0.062470,5.4243,5.4243,6.383141
2025-11-22 22:06:02,BTC/USD,84392.40,84427.95,84392.40,84422.00,0.024739,7.6693,7.6693,6.383141
2025-11-22 22:06:05,BTC/USD,84425.79,84425.79,84425.79,84425.79,0.001443,6.8250,6.8250,6.383141
2025-11-22 22:06:09,BTC/USD,84452.46,84456.00,84452.46,84456.00,0.000280,32.8029,32.8029,6.383141
2025-11-22 22:06:12,BTC/USD,84456.26,84456.26,84456.26,84456.26,0.005920,31.5264,31.5264,6.383141
