Timestamp,Symbol,Open,High,Low,Close,Volume,ATR,AvgATR,AvgVolume
2025-11-16 14:15:29,BTC/USD,95708.71,95720.00,95680.23,95705.06,1.426712,-1.0000,-1.0000,4.853306
2025-11-16 14:14:00,BTC/USD,95708.71,95720.00,95680.23,95705.06,1.426712,-1.0000,-1.0000,4.853306
2025-11-16 14:15:33,BTC/USD,95708.71,95720.00,95680.23,95705.06,1.426712,-1.0000,-1.0000,4.853306
2025-11-16 14:14:00,BTC/USD,95708.71,95720.00,95680.23,95705.06,1.426712,-1.0000,-1.0000,4.853306
2025-11-16 14:15:36,BTC/USD,95708.71,95720.00,95680.23,95705.06,1.426712,-1.0000,-1.0000,4.853306
2025-11-16 14:14:00,BTC/USD,95708.71,95720.00,95680.23,95705.06,1.426712,-1.0000,-1.0000,4.853306
2025-11-16 14:15:39,BTC/USD,95708.71,95720.00,95680.23,95705.06,1.426712,-1.0000,-1.0000,4.853306
2025-11-16 14:14:00,BTC/USD,95708.71,95720.00,95680.23,95705.06,1.426712,-1.0000,-1.0000,4.853306
2025-11-16 14:15:43,BTC/USD,95708.71,95720.00,95680.23,95705.06,1.426712,-1.0000,-1.0000,4.853306
2025-11-16 14:14:00,BTC/USD,95708.71,95720.00,95680.23,95705.06,1.426712,-1.0000,-1.0000,4.853306
2025-11-16 14:15:46,BTC/USD,95708.71,95720.00,95680.23,95705.06,1.426712,-1.0000,-1.0000,4.853306
2025-11-16 14:14:00,BTC/USD,95708.71,95720.00,95680.23,95705.06,1.426712,-1.0000,-1.0000,4.853306
2025-11-16 14:15:49,BTC/USD,95708.71,95720.00,95680.23,95705.06,1.426712,-1.0000,-1.0000,4.853306
2025-11-16 14:14:00,BTC/USD,95708.71,95720.00,95680.23,95705.06,1.426712,-1.0000,-1.0000,4.853306
2025-11-16 14:15:53,BTC/USD,95708.71,95720.00,95680.23,95705.06,1.426712,-1.0000,-1.0000,4.853306
2025-11-16 14:14:00,BTC/USD,95708.71,95720.00,95680.23,95705.06,1.426712,-1.0000,-1.0000,4.853306
2025-11-16 14:15:56,BTC/USD,95708.71,95720.00,95680.23,95705.06,1.426712,-1.0000,-1.0000,4.853306
2025-11-16 14:14:00,BTC/USD,95708.71,95720.00,95680.23,95705.06,1.426712,-1.0000,-1.0000,4.853306
2025-11-16 14:15:59,BTC/USD,95708.71,95720.00,95680.23,95705.06,1.426712,-1.0000,-1.0000,4.853306
2025-11-16 14:14:00,BTC/USD,95708.71,95720.00,95680.23,95705.06,1.426712,-1.0000,-1.0000,4.853306
2025-11-16 14:16:02,BTC/USD,95708.71,95720.00,95680.23,95705.06,1.426712,-1.0000,-1.0000,4.853306
2025-11-16 14:14:00,BTC/USD,95708.71,95720.00,95680.23,95705.06,1.426712,-1.0000,-1.0000,4.853306
2025-11-16 14:16:06,BTC/USD,95708.71,95720.00,95680.23,95705.06,1.426712,-1.0000,-1.0000,4.853306
2025-11-16 14:14:00,BTC/USD,95708.71,95720.00,95680.23,95705.06,1.426712,-1.0000,-1.0000,4.853306
2025-11-16 14:16:09,BTC/USD,95708.71,95720.00,95680.23,95705.06,1.426712,-1.0000,-1.0000,4.853306
2025-11-16 14:14:00,BTC/USD,95708.71,95720.00,95680.23,95705.06,1.426712,-1.0000,-1.0000,4.853306
2025-11-16 14:16:12,BTC/USD,95708.71,95720.00,95680.23,95705.06,1.426712,-1.0000,-1.0000,4.853306
2025-11-16 14:14:00,BTC/USD,95708.71,95720.00,95680.23,95705.06,1.426712,-1.0000,-1.0000,4.853306
2025-11-16 14:16:16,BTC/USD,95708.71,95720.00,95680.23,95705.06,1.426712,-1.0000,-1.0000,4.853306
2025-11-16 14:14:00,BTC/USD,95708.71,95720.00,95680.23,95705.06,1.426712,-1.0000,-1.0000,4.853306
2025-11-16 14:16:19,BTC/USD,95708.71,95720.00,95680.23,95705.06,1.426712,-1.0000,-1.0000,4.853306
2025-11-16 14:14:00,BTC/USD,95708.71,95720.00,95680.23,95705.06,1.426712,-1.0000,-1.0000,4.853306
2025-11-16 14:16:22,BTC/USD,95708.71,95720.00,95680.23,95705.06,1.426712,-1.0000,-1.0000,4.853306
2025-11-16 14:14:00,BTC/USD,95708.71,95720.00,95680.23,95705.06,1.426712,-1.0000,-1.0000,4.853306
2025-11-16 14:16:25,BTC/USD,95708.71,95720.00,95680.23,95705.06,1.426712,-1.0000,-1.0000,4.853306
2025-11-16 14:14:00,BTC/USD,95708.71,95720.00,95680.23,95705.06,1.426712,-1.0000,-1.0000,4.853306
2025-11-16 14:16:29,BTC/USD,95708.71,95720.00,95680.23,95705.06,1.426712,-1.0000,-1.0000,4.853306
2025-11-16 14:14:00,BTC/USD,95708.71,95720.00,95680.23,95705.06,1.426712,-1.0000,-1.0000,4.853306
2025-11-16 14:16:32,BTC/USD,95708.71,95720.00,95680.23,95705.06,1.426712,-1.0000,-1.0000,4.853306
2025-11-16 14:14:00,BTC/USD,95708.71,95720.00,95680.23,95705.06,1.426712,-1.0000,-1.0000,4.853306
2025-11-16 14:16:35,BTC/USD,95708.71,95720.00,95680.23,95705.06,1.426712,-1.0000,-1.0000,4.853306
2025-11-16 14:14:00,BTC/USD,95708.71,95720.00,95680.23,95705.06,1.426712,-1.0000,-1.0000,4.853306
2025-11-16 14:16:39,BTC/USD,95708.71,95720.00,95680.23,95705.06,1.426712,-1.0000,-1.0000,4.853306
2025-11-16 14:14:00,BTC/USD,95708.71,95720.00,95680.23,95705.06,1.426712,-1.0000,-1.0000,4.853306
2025-11-16 14:16:42,BTC/USD,95708.71,95720.00,95680.23,95705.06,1.426712,-1.0000,-1.0000,4.853306
2025-11-16 14:14:00,BTC/USD,95708.71,95720.00,95680.23,95705.06,1.426712,-1.0000,-1.0000,4.853306
2025-11-16 14:16:45,BTC/USD,95708.71,95720.00,95680.23,95705.06,1.426712,-1.0000,-1.0000,4.853306
2025-11-16 14:14:00,BTC/USD,95708.71,95720.00,95680.23,95705.06,1.426712,-1.0000,-1.0000,4.853306
2025-11-16 14:16:48,BTC/USD,95708.71,95720.00,95680.23,95705.06,1.426712,-1.0000,-1.0000,4.853306
2025-11-16 14:14:00,BTC/USD,95708.71,95720.00,95680.23,95705.06,1.426712,-1.0000,-1.0000,4.853306
2025-11-16 14:16:52,BTC/USD,95708.71,95720.00,95680.23,95705.06,1.426712,-1.0000,-1.0000,4.853306
2025-11-16 14:14:00,BTC/USD,95708.71,95720.00,95680.23,95705.06,1.426712,-1.0000,-1.0000,4.853306
2025-11-16 14:16:55,BTC/USD,95708.71,95720.00,95680.23,95705.06,1.426712,-1.0000,-1.0000,4.853306
2025-11-16 14:14:00,BTC/USD,95708.71,95720.00,95680.23,95705.06,1.426712,-1.0000,-1.0000,4.853306
2025-11-16 14:16:58,BTC/USD,95708.71,95720.00,95680.23,95705.06,1.426712,-1.0000,-1.0000,4.853306
2025-11-16 14:14:00,BTC/USD,95708.71,95720.00,95680.23,95705.06,1.426712,-1.0000,-1.0000,4.853306
2025-11-16 14:17:02,BTC/USD,95704.66,95710.00,95684.79,95702.02,1.278129,-1.0000,-1.0000,4.853306
2025-11-16 14:15:00,BTC/USD,95704.66,95710.00,95684.79,95702.02,1.278129,-1.0000,-1.0000,4.853306
2025-11-16 14:17:05,BTC/USD,95704.66,95710.00,95684.79,95702.02,1.278129,-1.0000,-1.0000,4.853306
2025-11-16 14:15:00,BTC/USD,95704.66,95710.00,95684.79,95702.02,1.278129,-1.0000,-1.0000,4.853306
2025-11-16 14:17:08,BTC/USD,95704.66,95710.00,95684.79,95702.02,1.278129,-1.0000,-1.0000,4.853306
2025-11-16 14:15:00,BTC/USD,95704.66,95710.00,95684.79,95702.02,1.278129,-1.0000,-1.0000,4.853306
2025-11-16 14:17:11,BTC/USD,95704.66,95710.00,95684.79,95702.02,1.278129,-1.0000,-1.0000,4.853306
2025-11-16 14:15:00,BTC/USD,95704.66,95710.00,95684.79,95702.02,1.278129,-1.0000,-1.0000,4.853306
2025-11-16 14:17:15,BTC/USD,95704.66,95710.00,95684.79,95702.02,1.278129,-1.0000,-1.0000,4.853306
2025-11-16 14:15:00,BTC/USD,95704.66,95710.00,95684.79,95702.02,1.278129,-1.0000,-1.0000,4.853306
2025-11-16 14:17:18,BTC/USD,95704.66,95710.00,95684.79,95702.02,1.278129,-1.0000,-1.0000,4.853306
2025-11-16 14:15:00,BTC/USD,95704.66,95710.00,95684.79,95702.02,1.278129,-1.0000,-1.0000,4.853306
2025-11-16 14:17:21,BTC/USD,95704.66,95710.00,95684.79,95702.02,1.278129,-1.0000,-1.0000,4.853306
2025-11-16 14:15:00,BTC/USD,95704.66,95710.00,95684.79,95702.02,1.278129,-1.0000,-1.0000,4.853306
2025-11-16 14:17:25,BTC/USD,95704.66,95710.00,95684.79,95702.02,1.278129,-1.0000,-1.0000,4.853306
2025-11-16 14:15:00,BTC/USD,95704.66,95710.00,95684.79,95702.02,1.278129,-1.0000,-1.0000,4.853306
2025-11-16 14:17:28,BTC/USD,95704.66,95710.00,95684.79,95702.02,1.278129,-1.0000,-1.0000,4.853306
2025-11-16 14:15:00,BTC/USD,95704.66,95710.00,95684.79,95702.02,1.278129,-1.0000,-1.0000,4.853306
2025-11-16 14:17:31,BTC/USD,95704.66,95710.00,95684.79,95702.02,1.278129,-1.0000,-1.0000,4.853306
2025-11-16 14:15:00,BTC/USD,95704.66,95710.00,95684.79,95702.02,1.278129,-1.0000,-1.0000,4.853306
2025-11-16 14:17:35,BTC/USD,95704.66,95710.00,95684.79,95702.02,1.278129,-1.0000,-1.0000,4.853306
2025-11-16 14:15:00,BTC/USD,95704.66,95710.00,95684.79,95702.02,1.278129,-1.0000,-1.0000,4.853306
2025-11-16 14:17:38,BTC/USD,95704.66,95710.00,95684.79,95702.02,1.278129,-1.0000,-1.0000,4.853306
2025-11-16 14:15:00,BTC/USD,95704.66,95710.00,95684.79,95702.02,1.278129,-1.0000,-1.0000,4.853306
2025-11-16 14:17:41,BTC/USD,95704.66,95710.00,95684.79,95702.02,1.278129,-1.0000,-1.0000,4.853306
2025-11-16 14:15:00,BTC/USD,95704.66,95710.00,95684.79,95702.02,1.278129,-1.0000,-1.0000,4.853306
2025-11-16 14:17:45,BTC/USD,95704.66,95710.00,95684.79,95702.02,1.278129,-1.0000,-1.0000,4.853306
2025-11-16 14:15:00,BTC/USD,95704.66,95710.00,95684.79,95702.02,1.278129,-1.0000,-1.0000,4.853306
2025-11-16 14:17:48,BTC/USD,95704.66,95710.00,95684.79,95702.02,1.278129,-1.0000,-1.0000,4.853306
2025-11-16 14:15:00,BTC/USD,95704.66,95710.00,95684.79,95702.02,1.278129,-1.0000,-1.0000,4.853306
2025-11-16 14:17:51,BTC/USD,95704.66,95710.00,95684.79,95702.02,1.278129,-1.0000,-1.0000,4.853306
2025-11-16 14:15:00,BTC/USD,95704.66,95710.00,95684.79,95702.02,1.278129,-1.0000,-1.0000,4.853306
2025-11-16 14:17:54,BTC/USD,95704.66,95710.00,95684.79,95702.02,1.278129,-1.0000,-1.0000,4.853306
2025-11-16 14:15:00,BTC/USD,95704.66,95710.00,95684.79,95702.02,1.278129,-1.0000,-1.0000,4.853306
2025-11-16 14:17:58,BTC/USD,95704.66,95710.00,95684.79,95702.02,1.278129,-1.0000,-1.0000,4.853306
2025-11-16 14:15:00,BTC/USD,95704.66,95710.00,95684.79,95702.02,1.278129,-1.0000,-1.0000,4.853306
2025-11-16 14:18:01,BTC/USD,95704.66,95710.00,95684.79,95702.02,1.278129,-1.0000,-1.0000,4.853306
2025-11-16 14:15:00,BTC/USD,95704.66,95710.00,95684.79,95702.02,1.278129,-1.0000,-1.0000,4.853306
2025-11-16 14:18:04,BTC/USD,95689.30,95880.00,95689.20,95715.60,4.655915,-1.0000,-1.0000,4.853306
2025-11-16 14:16:00,BTC/USD,95689.30,95880.00,95689.20,95715.60,4.655915,-1.0000,-1.0000,4.853306
2025-11-16 14:18:08,BTC/USD,95689.30,95880.00,95689.20,95715.60,4.655915,-1.0000,-1.0000,4.853306
2025-11-16 14:16:00,BTC/USD,95689.30,95880.00,95689.20,95715.60,4.655915,-1.0000,-1.0000,4.853306
2025-11-16 14:18:11,BTC/USD,95689.30,95880.00,95689.20,95715.60,4.655915,-1.0000,-1.0000,4.853306
2025-11-16 14:16:00,BTC/USD,95689.30,95880.00,95689.20,95715.60,4.655915,-1.0000,-1.0000,4.853306
2025-11-16 14:18:14,BTC/USD,95689.30,95880.00,95689.20,95715.60,4.655915,-1.0000,-1.0000,4.853306
2025-11-16 14:16:00,BTC/USD,95689.30,95880.00,95689.20,95715.60,4.655915,-1.0000,-1.0000,4.853306
2025-11-16 14:18:18,BTC/USD,95689.30,95880.00,95689.20,95715.60,4.655915,-1.0000,-1.0000,4.853306
2025-11-16 14:16:00,BTC/USD,95689.30,95880.00,95689.20,95715.60,4.655915,-1.0000,-1.0000,4.853306
2025-11-16 14:18:21,BTC/USD,95689.30,95880.00,95689.20,95715.60,4.655915,-1.0000,-1.0000,4.853306
2025-11-16 14:16:00,BTC/USD,95689.30,95880.00,95689.20,95715.60,4.655915,-1.0000,-1.0000,4.853306
2025-11-16 14:18:24,BTC/USD,95689.30,95880.00,95689.20,95715.60,4.655915,-1.0000,-1.0000,4.853306
2025-11-16 14:16:00,BTC/USD,95689.30,95880.00,95689.20,95715.60,4.655915,-1.0000,-1.0000,4.853306
2025-11-16 14:18:28,BTC/USD,95689.30,95880.00,95689.20,95715.60,4.655915,-1.0000,-1.0000,4.853306
2025-11-16 14:16:00,BTC/USD,95689.30,95880.00,95689.20,95715.60,4.655915,-1.0000,-1.0000,4.853306
2025-11-16 14:18:31,BTC/USD,95689.30,95880.00,95689.20,95715.60,4.655915,-1.0000,-1.0000,4.853306
2025-11-16 14:16:00,BTC/USD,95689.30,95880.00,95689.20,95715.60,4.655915,-1.0000,-1.0000,4.853306
2025-11-16 14:18:34,BTC/USD,95689.30,95880.00,95689.20,95715.60,4.655915,-1.0000,-1.0000,4.853306
2025-11-16 14:16:00,BTC/USD,95689.30,95880.00,95689.20,95715.60,4.655915,-1.0000,-1.0000,4.853306
2025-11-16 14:18:38,BTC/USD,95689.30,95880.00,95689.20,95715.60,4.655915,-1.0000,-1.0000,4.853306
2025-11-16 14:16:00,BTC/USD,95689.30,95880.00,95689.20,95715.60,4.655915,-1.0000,-1.0000,4.853306
2025-11-16 14:18:41,BTC/USD,95689.30,95880.00,95689.20,95715.60,4.655915,-1.0000,-1.0000,4.853306
2025-11-16 14:16:00,BTC/USD,95689.30,95880.00,95689.20,95715.60,4.655915,-1.0000,-1.0000,4.853306
2025-11-16 14:18:44,BTC/USD,95689.30,95880.00,95689.20,95715.60,4.655915,-1.0000,-1.0000,4.853306
2025-11-16 14:16:00,BTC/USD,95689.30,95880.00,95689.20,95715.60,4.655915,-1.0000,-1.0000,4.853306
2025-11-16 14:18:48,BTC/USD,95689.30,95880.00,95689.20,95715.60,4.655915,-1.0000,-1.0000,4.853306
2025-11-16 14:16:00,BTC/USD,95689.30,95880.00,95689.20,95715.60,4.655915,-1.0000,-1.0000,4.853306
2025-11-16 14:18:51,BTC/USD,95689.30,95880.00,95689.20,95715.60,4.655915,-1.0000,-1.0000,4.853306
2025-11-16 14:16:00,BTC/USD,95689.30,95880.00,95689.20,95715.60,4.655915,-1.0000,-1.0000,4.853306
2025-11-16 14:18:54,BTC/USD,95689.30,95880.00,95689.20,95715.60,4.655915,-1.0000,-1.0000,4.853306
2025-11-16 14:16:00,BTC/USD,95689.30,95880.00,95689.20,95715.60,4.655915,-1.0000,-1.0000,4.853306
2025-11-16 14:18:57,BTC/USD,95689.30,95880.00,95689.20,95715.60,4.655915,-1.0000,-1.0000,4.853306
2025-11-16 14:16:00,BTC/USD,95689.30,95880.00,95689.20,95715.60,4.655915,-1.0000,-1.0000,4.853306
2025-11-16 14:19:01,BTC/USD,95689.30,95880.00,95689.20,95715.60,4.655915,-1.0000,-1.0000,4.853306
2025-11-16 14:16:00,BTC/USD,95689.30,95880.00,95689.20,95715.60,4.655915,-1.0000,-1.0000,4.853306
2025-11-16 14:19:04,BTC/USD,95715.60,95762.97,95696.01,95715.36,3.704235,-1.0000,-1.0000,4.853306
2025-11-16 14:17:00,BTC/USD,95715.60,95762.97,95696.01,95715.36,3.704235,-1.0000,-1.0000,4.853306
2025-11-16 14:19:07,BTC/USD,95715.60,95762.97,95696.01,95715.36,3.704235,-1.0000,-1.0000,4.853306
2025-11-16 14:17:00,BTC/USD,95715.60,95762.97,95696.01,95715.36,3.704235,-1.0000,-1.0000,4.853306
2025-11-16 14:19:11,BTC/USD,95715.60,95762.97,95696.01,95715.36,3.704235,-1.0000,-1.0000,4.853306
2025-11-16 14:17:00,BTC/USD,95715.60,95762.97,95696.01,95715.36,3.704235,-1.0000,-1.0000,4.853306
2025-11-16 14:19:14,BTC/USD,95715.60,95762.97,95696.01,95715.36,3.704235,-1.0000,-1.0000,4.853306
2025-11-16 14:17:00,BTC/USD,95715.60,95762.97,95696.01,95715.36,3.704235,-1.0000,-1.0000,4.853306
2025-11-16 14:19:17,BTC/USD,95715.60,95762.97,95696.01,95715.36,3.704235,-1.0000,-1.0000,4.853306
2025-11-16 14:17:00,BTC/USD,95715.60,95762.97,95696.01,95715.36,3.704235,-1.0000,-1.0000,4.853306
2025-11-16 14:19:21,BTC/USD,95715.60,95762.97,95696.01,95715.36,3.704235,-1.0000,-1.0000,4.853306
2025-11-16 14:17:00,BTC/USD,95715.60,95762.97,95696.01,95715.36,3.704235,-1.0000,-1.0000,4.853306
2025-11-16 14:19:24,BTC/USD,95715.60,95762.97,95696.01,95715.36,3.704235,-1.0000,-1.0000,4.853306
2025-11-16 14:17:00,BTC/USD,95715.60,95762.97,95696.01,95715.36,3.704235,-1.0000,-1.0000,4.853306
2025-11-16 14:19:27,BTC/USD,95715.60,95762.97,95696.01,95715.36,3.704235,-1.0000,-1.0000,4.853306
2025-11-16 14:17:00,BTC/USD,95715.60,95762.97,95696.01,95715.36,3.704235,-1.0000,-1.0000,4.853306
2025-11-16 14:19:30,BTC/USD,95715.60,95762.97,95696.01,95715.36,3.704235,-1.0000,-1.0000,4.853306
2025-11-16 14:17:00,BTC/USD,95715.60,95762.97,95696.01,95715.36,3.704235,-1.0000,-1.0000,4.853306
2025-11-16 14:19:34,BTC/USD,95715.60,95762.97,95696.01,95715.36,3.704235,-1.0000,-1.0000,4.853306
2025-11-16 14:17:00,BTC/USD,95715.60,95762.97,95696.01,95715.36,3.704235,-1.0000,-1.0000,4.853306
2025-11-16 14:19:37,BTC/USD,95715.60,95762.97,95696.01,95715.36,3.704235,-1.0000,-1.0000,4.853306
2025-11-16 14:17:00,BTC/USD,95715.60,95762.97,95696.01,95715.36,3.704235,-1.0000,-1.0000,4.853306
2025-11-16 14:19:40,BTC/USD,95715.60,95762.97,95696.01,95715.36,3.704235,-1.0000,-1.0000,4.853306
2025-11-16 14:17:00,BTC/USD,95715.60,95762.97,95696.01,95715.36,3.704235,-1.0000,-1.0000,4.853306
2025-11-16 14:19:44,BTC/USD,95715.60,95762.97,95696.01,95715.36,3.704235,-1.0000,-1.0000,4.853306
2025-11-16 14:17:00,BTC/USD,95715.60,95762.97,95696.01,95715.36,3.704235,-1.0000,-1.0000,4.853306
2025-11-16 14:19:47,BTC/USD,95715.60,95762.97,95696.01,95715.36,3.704235,-1.0000,-1.0000,4.853306
2025-11-16 14:17:00,BTC/USD,95715.60,95762.97,95696.01,95715.36,3.704235,-1.0000,-1.0000,4.853306
2025-11-16 14:19:50,BTC/USD,95715.60,95762.97,95696.01,95715.36,3.704235,-1.0000,-1.0000,4.853306
2025-11-16 14:17:00,BTC/USD,95715.60,95762.97,95696.01,95715.36,3.704235,-1.0000,-1.0000,4.853306
2025-11-16 14:19:54,BTC/USD,95715.60,95762.97,95696.01,95715.36,3.704235,-1.0000,-1.0000,4.853306
2025-11-16 14:17:00,BTC/USD,95715.60,95762.97,95696.01,95715.36,3.704235,-1.0000,-1.0000,4.853306
2025-11-16 14:19:57,BTC/USD,95715.60,95762.97,95696.01,95715.36,3.704235,-1.0000,-1.0000,4.853306
2025-11-16 14:17:00,BTC/USD,95715.60,95762.97,95696.01,95715.36,3.704235,-1.0000,-1.0000,4.853306
2025-11-16 14:20:00,BTC/USD,95715.60,95762.97,95696.01,95715.36,3.704235,-1.0000,-1.0000,4.853306
2025-11-16 14:17:00,BTC/USD,95715.60,95762.97,95696.01,95715.36,3.704235,-1.0000,-1.0000,4.853306
2025-11-16 14:20:04,BTC/USD,95715.36,95893.00,95715.35,95732.97,0.418711,-1.0000,-1.0000,4.853306
2025-11-16 14:18:00,BTC/USD,95715.36,95893.00,95715.35,95732.97,0.418711,-1.0000,-1.0000,4.853306
2025-11-16 14:20:07,BTC/USD,95715.36,95893.00,95715.35,95732.97,0.418711,-1.0000,-1.0000,4.853306
2025-11-16 14:18:00,BTC/USD,95715.36,95893.00,95715.35,95732.97,0.418711,-1.0000,-1.0000,4.853306
2025-11-16 14:20:10,BTC/USD,95715.36,95893.00,95715.35,95732.97,0.418711,-1.0000,-1.0000,4.853306
2025-11-16 14:18:00,BTC/USD,95715.36,95893.00,95715.35,95732.97,0.418711,-1.0000,-1.0000,4.853306
2025-11-16 14:20:14,BTC/USD,95715.36,95893.00,95715.35,95732.97,0.418711,-1.0000,-1.0000,4.853306
2025-11-16 14:18:00,BTC/USD,95715.36,95893.00,95715.35,95732.97,0.418711,-1.0000,-1.0000,4.853306
2025-11-16 14:20:17,BTC/USD,95715.36,95893.00,95715.35,95732.97,0.418711,-1.0000,-1.0000,4.853306
2025-11-16 14:18:00,BTC/USD,95715.36,95893.00,95715.35,95732.97,0.418711,-1.0000,-1.0000,4.853306
2025-11-16 14:20:20,BTC/USD,95715.36,95893.00,95715.35,95732.97,0.418711,-1.0000,-1.0000,4.853306
2025-11-16 14:18:00,BTC/USD,95715.36,95893.00,95715.35,95732.97,0.418711,-1.0000,-1.0000,4.853306
2025-11-16 14:20:24,BTC/USD,95715.36,95893.00,95715.35,95732.97,0.418711,-1.0000,-1.0000,4.853306
2025-11-16 14:18:00,BTC/USD,95715.36,95893.00,95715.35,95732.97,0.418711,-1.0000,-1.0000,4.853306
2025-11-16 14:20:27,BTC/USD,95734.00,95945.00,95716.10,95769.40,0.935769,-1.0000,-1.0000,4.853306
2025-11-16 14:19:00,BTC/USD,95734.00,95945.00,95716.10,95769.40,0.935769,-1.0000,-1.0000,4.853306
2025-11-16 14:20:31,BTC/USD,95734.00,95945.00,95716.10,95769.40,0.935769,-1.0000,-1.0000,4.853306
2025-11-16 14:19:00,BTC/USD,95734.00,95945.00,95716.10,95769.40,0.935769,-1.0000,-1.0000,4.853306
2025-11-16 14:20:34,BTC/USD,95734.00,95945.00,95716.10,95769.40,0.935769,-1.0000,-1.0000,4.853306
2025-11-16 14:19:00,BTC/USD,95734.00,95945.00,95716.10,95769.40,0.935769,-1.0000,-1.0000,4.853306
2025-11-16 14:20:37,BTC/USD,95734.00,95945.00,95716.10,95769.40,0.935769,-1.0000,-1.0000,4.853306
2025-11-16 14:19:00,BTC/USD,95734.00,95945.00,95716.10,95769.40,0.935769,-1.0000,-1.0000,4.853306
2025-11-16 14:20:41,BTC/USD,95734.00,95945.00,95716.10,95769.40,0.935769,-1.0000,-1.0000,4.853306
2025-11-16 14:19:00,BTC/USD,95734.00,95945.00,95716.10,95769.40,0.935769,-1.0000,-1.0000,4.853306
2025-11-16 14:20:44,BTC/USD,95734.00,95945.00,95716.10,95769.40,0.935769,-1.0000,-1.0000,4.853306
2025-11-16 14:19:00,BTC/USD,95734.00,95945.00,95716.10,95769.40,0.935769,-1.0000,-1.0000,4.853306
2025-11-16 14:20:48,BTC/USD,95734.00,95945.00,95716.10,95769.40,0.935769,-1.0000,-1.0000,4.853306
2025-11-16 14:19:00,BTC/USD,95734.00,95945.00,95716.10,95769.40,0.935769,-1.0000,-1.0000,4.853306
2025-11-16 14:20:51,BTC/USD,95734.00,95945.00,95716.10,95769.40,0.935769,-1.0000,-1.0000,4.853306
2025-11-16 14:19:00,BTC/USD,95734.00,95945.00,95716.10,95769.40,0.935769,-1.0000,-1.0000,4.853306
2025-11-16 14:20:54,BTC/USD,95734.00,95945.00,95716.10,95769.40,0.935769,-1.0000,-1.0000,4.853306
2025-11-16 14:19:00,BTC/USD,95734.00,95945.00,95716.10,95769.40,0.935769,-1.0000,-1.0000,4.853306
2025-11-16 14:20:58,BTC/USD,95734.00,95945.00,95716.10,95769.40,0.935769,-1.0000,-1.0000,4.853306
2025-11-16 14:19:00,BTC/USD,95734.00,95945.00,95716.10,95769.40,0.935769,-1.0000,-1.0000,4.853306
2025-11-16 14:21:01,BTC/USD,95734.00,95945.00,95716.10,95769.40,0.935769,-1.0000,-1.0000,4.853306
2025-11-16 14:19:00,BTC/USD,95734.00,95945.00,95716.10,95769.40,0.935769,-1.0000,-1.0000,4.853306
2025-11-16 14:21:04,BTC/USD,95698.01,95945.00,95684.79,95769.40,11.965828,-1.0000,-1.0000,4.853306
2025-11-16 14:14:20,BTC/USD,95698.01,95945.00,95684.79,95769.40,11.965828,-1.0000,-1.0000,4.853306
2025-11-16 14:21:07,BTC/USD,95698.01,95945.00,95684.79,95769.40,11.965828,-1.0000,-1.0000,4.853306
2025-11-16 14:14:20,BTC/USD,95698.01,95945.00,95684.79,95769.40,11.965828,-1.0000,-1.0000,4.853306
2025-11-16 14:21:11,BTC/USD,95698.01,95945.00,95684.79,95769.40,11.965828,-1.0000,-1.0000,4.853306
2025-11-16 14:14:20,BTC/USD,95698.01,95945.00,95684.79,95769.40,11.965828,-1.0000,-1.0000,4.853306
2025-11-16 14:21:14,BTC/USD,95698.01,95945.00,95684.79,95769.40,11.965828,-1.0000,-1.0000,4.853306
2025-11-16 14:14:20,BTC/USD,95698.01,95945.00,95684.79,95769.40,11.965828,-1.0000,-1.0000,4.853306
2025-11-16 14:21:17,BTC/USD,95698.01,95945.00,95684.79,95769.40,11.965828,-1.0000,-1.0000,4.853306
2025-11-16 14:14:20,BTC/USD,95698.01,95945.00,95684.79,95769.40,11.965828,-1.0000,-1.0000,4.853306
2025-11-16 14:21:21,BTC/USD,95698.01,95945.00,95684.79,95769.40,11.965828,-1.0000,-1.0000,4.853306
2025-11-16 14:14:20,BTC/USD,95698.01,95945.00,95684.79,95769.40,11.965828,-1.0000,-1.0000,4.853306
2025-11-16 14:21:24,BTC/USD,95698.01,95945.00,95684.79,95769.40,11.965828,-1.0000,-1.0000,4.853306
2025-11-16 14:14:20,BTC/USD,95698.01,95945.00,95684.79,95769.40,11.965828,-1.0000,-1.0000,4.853306
2025-11-16 14:21:27,BTC/USD,95698.01,95945.00,95684.79,95769.40,11.965828,-1.0000,-1.0000,4.853306
2025-11-16 14:14:20,BTC/USD,95698.01,95945.00,95684.79,95769.40,11.965828,-1.0000,-1.0000,4.853306
2025-11-16 14:21:31,BTC/USD,95698.01,95945.00,95684.79,95769.40,11.965828,-1.0000,-1.0000,4.853306
2025-11-16 14:14:20,BTC/USD,95698.01,95945.00,95684.79,95769.40,11.965828,-1.0000,-1.0000,4.853306
2025-11-16 14:21:34,BTC/USD,95698.01,95945.00,95684.79,95769.40,11.965828,-1.0000,-1.0000,4.853306
2025-11-16 14:14:20,BTC/USD,95698.01,95945.00,95684.79,95769.40,11.965828,-1.0000,-1.0000,4.853306
2025-11-16 14:21:37,BTC/USD,95698.01,95945.00,95684.79,95769.40,11.965828,-1.0000,-1.0000,4.853306
2025-11-16 14:14:20,BTC/USD,95698.01,95945.00,95684.79,95769.40,11.965828,-1.0000,-1.0000,4.853306
2025-11-16 14:21:40,BTC/USD,95698.01,95945.00,95684.79,95769.40,11.965828,-1.0000,-1.0000,4.853306
2025-11-16 14:14:20,BTC/USD,95698.01,95945.00,95684.79,95769.40,11.965828,-1.0000,-1.0000,4.853306
2025-11-16 14:21:44,BTC/USD,95698.01,95945.00,95684.79,95769.40,11.965828,-1.0000,-1.0000,4.853306
2025-11-16 14:14:20,BTC/USD,95698.01,95945.00,95684.79,95769.40,11.965828,-1.0000,-1.0000,4.853306
2025-11-16 14:21:47,BTC/USD,95698.01,95945.00,95684.79,95769.40,11.965828,-1.0000,-1.0000,4.853306
2025-11-16 14:14:20,BTC/USD,95698.01,95945.00,95684.79,95769.40,11.965828,-1.0000,-1.0000,4.853306
2025-11-16 14:21:50,BTC/USD,95698.01,95945.00,95684.79,95769.40,11.965828,-1.0000,-1.0000,4.853306
2025-11-16 14:14:20,BTC/USD,95698.01,95945.00,95684.79,95769.40,11.965828,-1.0000,-1.0000,4.853306
2025-11-16 14:21:54,BTC/USD,95698.01,95945.00,95684.79,95769.40,11.965828,-1.0000,-1.0000,4.853306
2025-11-16 14:14:20,BTC/USD,95698.01,95945.00,95684.79,95769.40,11.965828,-1.0000,-1.0000,4.853306
2025-11-16 14:21:57,BTC/USD,95698.01,95945.00,95684.79,95769.40,11.965828,-1.0000,-1.0000,4.853306
2025-11-16 14:14:20,BTC/USD,95698.01,95945.00,95684.79,95769.40,11.965828,-1.0000,-1.0000,4.853306
2025-11-16 14:22:00,BTC/USD,95698.01,95945.00,95684.79,95769.40,11.965828,-1.0000,-1.0000,4.853306
2025-11-16 14:14:20,BTC/USD,95698.01,95945.00,95684.79,95769.40,11.965828,-1.0000,-1.0000,4.853306
2025-11-16 14:22:04,BTC/USD,95769.40,95793.30,95721.75,95726.15,0.731762,-1.0000,-1.0000,4.853306
2025-11-16 14:20:00,BTC/USD,95769.40,95793.30,95721.75,95726.15,0.731762,-1.0000,-1.0000,4.853306
2025-11-16 14:22:07,BTC/USD,95769.40,95793.30,95721.75,95726.15,0.731762,-1.0000,-1.0000,4.853306
2025-11-16 14:20:00,BTC/USD,95769.40,95793.30,95721.75,95726.15,0.731762,-1.0000,-1.0000,4.853306
2025-11-16 14:22:10,BTC/USD,95769.40,95793.30,95721.75,95726.15,0.731762,-1.0000,-1.0000,4.853306
2025-11-16 14:20:00,BTC/USD,95769.40,95793.30,95721.75,95726.15,0.731762,-1.0000,-1.0000,4.853306
2025-11-16 14:22:13,BTC/USD,95769.40,95793.30,95721.75,95726.15,0.731762,-1.0000,-1.0000,4.853306
2025-11-16 14:20:00,BTC/USD,95769.40,95793.30,95721.75,95726.15,0.731762,-1.0000,-1.0000,4.853306
2025-11-16 14:22:17,BTC/USD,95769.40,95793.30,95721.75,95726.15,0.731762,-1.0000,-1.0000,4.853306
2025-11-16 14:20:00,BTC/USD,95769.40,95793.30,95721.75,95726.15,0.731762,-1.0000,-1.0000,4.853306
2025-11-16 14:22:20,BTC/USD,95769.40,95793.30,95721.75,95726.15,0.731762,-1.0000,-1.0000,4.853306
2025-11-16 14:20:00,BTC/USD,95769.40,95793.30,95721.75,95726.15,0.731762,-1.0000,-1.0000,4.853306
2025-11-16 14:22:23,BTC/USD,95769.40,95793.30,95721.75,95726.15,0.731762,-1.0000,-1.0000,4.853306
2025-11-16 14:20:00,BTC/USD,95769.40,95793.30,95721.75,95726.15,0.731762,-1.0000,-1.0000,4.853306
2025-11-16 14:22:27,BTC/USD,95769.40,95793.30,95721.75,95726.15,0.731762,-1.0000,-1.0000,4.853306
2025-11-16 14:20:00,BTC/USD,95769.40,95793.30,95721.75,95726.15,0.731762,-1.0000,-1.0000,4.853306
2025-11-16 14:22:30,BTC/USD,95769.40,95793.30,95721.75,95726.15,0.731762,-1.0000,-1.0000,4.853306
2025-11-16 14:20:00,BTC/USD,95769.40,95793.30,95721.75,95726.15,0.731762,-1.0000,-1.0000,4.853306
2025-11-16 14:22:33,BTC/USD,95769.40,95793.30,95721.75,95726.15,0.731762,-1.0000,-1.0000,4.853306
2025-11-16 14:20:00,BTC/USD,95769.40,95793.30,95721.75,95726.15,0.731762,-1.0000,-1.0000,4.853306
2025-11-16 14:22:36,BTC/USD,95769.40,95793.30,95721.75,95726.15,0.731762,-1.0000,-1.0000,4.853306
2025-11-16 14:20:00,BTC/USD,95769.40,95793.30,95721.75,95726.15,0.731762,-1.0000,-1.0000,4.853306
2025-11-16 14:22:40,BTC/USD,95769.40,95793.30,95721.75,95726.15,0.731762,-1.0000,-1.0000,4.853306
2025-11-16 14:20:00,BTC/USD,95769.40,95793.30,95721.75,95726.15,0.731762,-1.0000,-1.0000,4.853306
2025-11-16 14:22:43,BTC/USD,95769.40,95793.30,95721.75,95726.15,0.731762,-1.0000,-1.0000,4.853306
2025-11-16 14:20:00,BTC/USD,95769.40,95793.30,95721.75,95726.15,0.731762,-1.0000,-1.0000,4.853306
2025-11-16 14:22:46,BTC/USD,95769.40,95793.30,95721.75,95726.15,0.731762,-1.0000,-1.0000,4.853306
2025-11-16 14:20:00,BTC/USD,95769.40,95793.30,95721.75,95726.15,0.731762,-1.0000,-1.0000,4.853306
2025-11-16 14:22:50,BTC/USD,95769.40,95793.30,95721.75,95726.15,0.731762,-1.0000,-1.0000,4.853306
2025-11-16 14:20:00,BTC/USD,95769.40,95793.30,95721.75,95726.15,0.731762,-1.0000,-1.0000,4.853306
2025-11-16 14:22:53,BTC/USD,95769.40,95793.30,95721.75,95726.15,0.731762,-1.0000,-1.0000,4.853306
2025-11-16 14:20:00,BTC/USD,95769.40,95793.30,95721.75,95726.15,0.731762,-1.0000,-1.0000,4.853306
2025-11-16 14:22:56,BTC/USD,95769.40,95793.30,95721.75,95726.15,0.731762,-1.0000,-1.0000,4.853306
2025-11-16 14:20:00,BTC/USD,95769.40,95793.30,95721.75,95726.15,0.731762,-1.0000,-1.0000,4.853306
2025-11-16 14:22:59,BTC/USD,95769.40,95793.30,95721.75,95726.15,0.731762,-1.0000,-1.0000,4.853306
2025-11-16 14:20:00,BTC/USD,95769.40,95793.30,95721.75,95726.15,0.731762,-1.0000,-1.0000,4.853306
2025-11-16 14:23:03,BTC/USD,95726.15,95911.00,95647.81,95689.40,1.244827,-1.0000,-1.0000,4.853306
2025-11-16 14:21:00,BTC/USD,95726.15,95911.00,95647.81,95689.40,1.244827,-1.0000,-1.0000,4.853306
2025-11-16 14:23:06,BTC/USD,95726.15,95911.00,95647.81,95689.40,1.244827,-1.0000,-1.0000,4.853306
2025-11-16 14:21:00,BTC/USD,95726.15,95911.00,95647.81,95689.40,1.244827,-1.0000,-1.0000,4.853306
2025-11-16 14:23:09,BTC/USD,95726.15,95911.00,95647.81,95689.40,1.244827,-1.0000,-1.0000,4.853306
2025-11-16 14:21:00,BTC/USD,95726.15,95911.00,95647.81,95689.40,1.244827,-1.0000,-1.0000,4.853306
2025-11-16 14:23:12,BTC/USD,95726.15,95911.00,95647.81,95689.40,1.244827,-1.0000,-1.0000,4.853306
2025-11-16 14:21:00,BTC/USD,95726.15,95911.00,95647.81,95689.40,1.244827,-1.0000,-1.0000,4.853306
2025-11-16 14:23:16,BTC/USD,95726.15,95911.00,95647.81,95689.40,1.244827,-1.0000,-1.0000,4.853306
2025-11-16 14:21:00,BTC/USD,95726.15,95911.00,95647.81,95689.40,1.244827,-1.0000,-1.0000,4.853306
2025-11-16 14:23:19,BTC/USD,95726.15,95911.00,95647.81,95689.40,1.244827,-1.0000,-1.0000,4.853306
2025-11-16 14:21:00,BTC/USD,95726.15,95911.00,95647.81,95689.40,1.244827,-1.0000,-1.0000,4.853306
2025-11-16 14:23:22,BTC/USD,95726.15,95911.00,95647.81,95689.40,1.244827,-1.0000,-1.0000,4.853306
2025-11-16 14:21:00,BTC/USD,95726.15,95911.00,95647.81,95689.40,1.244827,-1.0000,-1.0000,4.853306
2025-11-16 14:23:25,BTC/USD,95726.15,95911.00,95647.81,95689.40,1.244827,-1.0000,-1.0000,4.853306
2025-11-16 14:21:00,BTC/USD,95726.15,95911.00,95647.81,95689.40,1.244827,-1.0000,-1.0000,4.853306
2025-11-16 14:23:29,BTC/USD,95726.15,95911.00,95647.81,95689.40,1.244827,-1.0000,-1.0000,4.853306
2025-11-16 14:21:00,BTC/USD,95726.15,95911.00,95647.81,95689.40,1.244827,-1.0000,-1.0000,4.853306
2025-11-16 14:23:32,BTC/USD,95726.15,95911.00,95647.81,95689.40,1.244827,-1.0000,-1.0000,4.853306
2025-11-16 14:21:00,BTC/USD,95726.15,95911.00,95647.81,95689.40,1.244827,-1.0000,-1.0000,4.853306
2025-11-16 14:23:35,BTC/USD,95726.15,95911.00,95647.81,95689.40,1.244827,-1.0000,-1.0000,4.853306
2025-11-16 14:21:00,BTC/USD,95726.15,95911.00,95647.81,95689.40,1.244827,-1.0000,-1.0000,4.853306
2025-11-16 14:23:39,BTC/USD,95726.15,95911.00,95647.81,95689.40,1.244827,-1.0000,-1.0000,4.853306
2025-11-16 14:21:00,BTC/USD,95726.15,95911.00,95647.81,95689.40,1.244827,-1.0000,-1.0000,4.853306
2025-11-16 14:23:42,BTC/USD,95726.15,95911.00,95647.81,95689.40,1.244827,-1.0000,-1.0000,4.853306
2025-11-16 14:21:00,BTC/USD,95726.15,95911.00,95647.81,95689.40,1.244827,-1.0000,-1.0000,4.853306
2025-11-16 14:23:45,BTC/USD,95726.15,95911.00,95647.81,95689.40,1.244827,-1.0000,-1.0000,4.853306
2025-11-16 14:21:00,BTC/USD,95726.15,95911.00,95647.81,95689.40,1.244827,-1.0000,-1.0000,4.853306
2025-11-16 14:23:49,BTC/USD,95726.15,95911.00,95647.81,95689.40,1.244827,-1.0000,-1.0000,4.853306
2025-11-16 14:21:00,BTC/USD,95726.15,95911.00,95647.81,95689.40,1.244827,-1.0000,-1.0000,4.853306
2025-11-16 14:23:52,BTC/USD,95726.15,95911.00,95647.81,95689.40,1.244827,-1.0000,-1.0000,4.853306
2025-11-16 14:21:00,BTC/USD,95726.15,95911.00,95647.81,95689.40,1.244827,-1.0000,-1.0000,4.853306
2025-11-16 14:23:55,BTC/USD,95726.15,95911.00,95647.81,95689.40,1.244827,-1.0000,-1.0000,4.853306
2025-11-16 14:21:00,BTC/USD,95726.15,95911.00,95647.81,95689.40,1.244827,-1.0000,-1.0000,4.853306
2025-11-16 14:23:58,BTC/USD,95726.15,95911.00,95647.81,95689.40,1.244827,-1.0000,-1.0000,4.853306
2025-11-16 14:21:00,BTC/USD,95726.15,95911.00,95647.81,95689.40,1.244827,-1.0000,-1.0000,4.853306
2025-11-16 14:24:02,BTC/USD,95647.81,95839.00,95628.73,95645.00,3.337911,-1.0000,-1.0000,4.853306
2025-11-16 14:22:00,BTC/USD,95647.81,95839.00,95628.73,95645.00,3.337911,-1.0000,-1.0000,4.853306
2025-11-16 14:24:05,BTC/USD,95647.81,95839.00,95628.73,95645.00,3.337911,-1.0000,-1.0000,4.853306
2025-11-16 14:22:00,BTC/USD,95647.81,95839.00,95628.73,95645.00,3.337911,-1.0000,-1.0000,4.853306
2025-11-16 14:24:08,BTC/USD,95647.81,95839.00,95628.73,95645.00,3.337911,-1.0000,-1.0000,4.853306
2025-11-16 14:22:00,BTC/USD,95647.81,95839.00,95628.73,95645.00,3.337911,-1.0000,-1.0000,4.853306
2025-11-16 14:24:12,BTC/USD,95647.81,95839.00,95628.73,95645.00,3.337911,-1.0000,-1.0000,4.853306
2025-11-16 14:22:00,BTC/USD,95647.81,95839.00,95628.73,95645.00,3.337911,-1.0000,-1.0000,4.853306
2025-11-16 14:24:15,BTC/USD,95647.81,95839.00,95628.73,95645.00,3.337911,-1.0000,-1.0000,4.853306
2025-11-16 14:22:00,BTC/USD,95647.81,95839.00,95628.73,95645.00,3.337911,-1.0000,-1.0000,4.853306
2025-11-16 14:24:18,BTC/USD,95647.81,95839.00,95628.73,95645.00,3.337911,-1.0000,-1.0000,4.853306
2025-11-16 14:22:00,BTC/USD,95647.81,95839.00,95628.73,95645.00,3.337911,-1.0000,-1.0000,4.853306
2025-11-16 14:24:22,BTC/USD,95647.81,95839.00,95628.73,95645.00,3.337911,-1.0000,-1.0000,4.853306
2025-11-16 14:22:00,BTC/USD,95647.81,95839.00,95628.73,95645.00,3.337911,-1.0000,-1.0000,4.853306
2025-11-16 14:24:25,BTC/USD,95647.81,95839.00,95628.73,95645.00,3.337911,-1.0000,-1.0000,4.853306
2025-11-16 14:22:00,BTC/USD,95647.81,95839.00,95628.73,95645.00,3.337911,-1.0000,-1.0000,4.853306
2025-11-16 14:24:28,BTC/USD,95647.81,95839.00,95628.73,95645.00,3.337911,-1.0000,-1.0000,4.853306
2025-11-16 14:22:00,BTC/USD,95647.81,95839.00,95628.73,95645.00,3.337911,-1.0000,-1.0000,4.853306
2025-11-16 14:24:32,BTC/USD,95647.81,95839.00,95628.73,95645.00,3.337911,-1.0000,-1.0000,4.853306
2025-11-16 14:22:00,BTC/USD,95647.81,95839.00,95628.73,95645.00,3.337911,-1.0000,-1.0000,4.853306
2025-11-16 14:24:35,BTC/USD,95647.81,95839.00,95628.73,95645.00,3.337911,-1.0000,-1.0000,4.853306
2025-11-16 14:22:00,BTC/USD,95647.81,95839.00,95628.73,95645.00,3.337911,-1.0000,-1.0000,4.853306
2025-11-16 14:24:38,BTC/USD,95647.81,95839.00,95628.73,95645.00,3.337911,-1.0000,-1.0000,4.853306
2025-11-16 14:22:00,BTC/USD,95647.81,95839.00,95628.73,95645.00,3.337911,-1.0000,-1.0000,4.853306
2025-11-16 14:24:42,BTC/USD,95647.81,95839.00,95628.73,95645.00,3.337911,-1.0000,-1.0000,4.853306
2025-11-16 14:22:00,BTC/USD,95647.81,95839.00,95628.73,95645.00,3.337911,-1.0000,-1.0000,4.853306
2025-11-16 14:24:45,BTC/USD,95647.81,95839.00,95628.73,95645.00,3.337911,-1.0000,-1.0000,4.853306
2025-11-16 14:22:00,BTC/USD,95647.81,95839.00,95628.73,95645.00,3.337911,-1.0000,-1.0000,4.853306
2025-11-16 14:24:48,BTC/USD,95647.81,95839.00,95628.73,95645.00,3.337911,-1.0000,-1.0000,4.853306
2025-11-16 14:22:00,BTC/USD,95647.81,95839.00,95628.73,95645.00,3.337911,-1.0000,-1.0000,4.853306
2025-11-16 14:24:52,BTC/USD,95647.81,95839.00,95628.73,95645.00,3.337911,-1.0000,-1.0000,4.853306
2025-11-16 14:22:00,BTC/USD,95647.81,95839.00,95628.73,95645.00,3.337911,-1.0000,-1.0000,4.853306
2025-11-16 14:24:55,BTC/USD,95647.81,95839.00,95628.73,95645.00,3.337911,-1.0000,-1.0000,4.853306
2025-11-16 14:22:00,BTC/USD,95647.81,95839.00,95628.73,95645.00,3.337911,-1.0000,-1.0000,4.853306
2025-11-16 14:24:58,BTC/USD,95647.81,95839.00,95628.73,95645.00,3.337911,-1.0000,-1.0000,4.853306
2025-11-16 14:22:00,BTC/USD,95647.81,95839.00,95628.73,95645.00,3.337911,-1.0000,-1.0000,4.853306
2025-11-16 14:25:02,BTC/USD,95626.06,95831.00,95626.06,95630.01,1.544314,-1.0000,-1.0000,4.853306
2025-11-16 14:23:00,BTC/USD,95626.06,95831.00,95626.06,95630.01,1.544314,-1.0000,-1.0000,4.853306
2025-11-16 14:25:05,BTC/USD,95626.06,95831.00,95626.06,95630.01,1.544314,-1.0000,-1.0000,4.853306
2025-11-16 14:23:00,BTC/USD,95626.06,95831.00,95626.06,95630.01,1.544314,-1.0000,-1.0000,4.853306
2025-11-16 14:25:08,BTC/USD,95626.06,95831.00,95626.06,95630.01,1.544314,-1.0000,-1.0000,4.853306
2025-11-16 14:23:00,BTC/USD,95626.06,95831.00,95626.06,95630.01,1.544314,-1.0000,-1.0000,4.853306
2025-11-16 14:25:12,BTC/USD,95626.06,95831.00,95626.06,95630.01,1.544314,-1.0000,-1.0000,4.853306
2025-11-16 14:23:00,BTC/USD,95626.06,95831.00,95626.06,95630.01,1.544314,-1.0000,-1.0000,4.853306
2025-11-16 14:25:15,BTC/USD,95626.06,95831.00,95626.06,95630.01,1.544314,-1.0000,-1.0000,4.853306
2025-11-16 14:23:00,BTC/USD,95626.06,95831.00,95626.06,95630.01,1.544314,-1.0000,-1.0000,4.853306
2025-11-16 14:25:18,BTC/USD,95626.06,95831.00,95626.06,95630.01,1.544314,-1.0000,-1.0000,4.853306
2025-11-16 14:23:00,BTC/USD,95626.06,95831.00,95626.06,95630.01,1.544314,-1.0000,-1.0000,4.853306
2025-11-16 14:25:22,BTC/USD,95626.06,95831.00,95626.06,95630.01,1.544314,-1.0000,-1.0000,4.853306
2025-11-16 14:23:00,BTC/USD,95626.06,95831.00,95626.06,95630.01,1.544314,-1.0000,-1.0000,4.853306
2025-11-16 14:25:25,BTC/USD,95626.06,95831.00,95626.06,95630.01,1.544314,-1.0000,-1.0000,4.853306
2025-11-16 14:23:00,BTC/USD,95626.06,95831.00,95626.06,95630.01,1.544314,-1.0000,-1.0000,4.853306
2025-11-16 14:25:28,BTC/USD,95630.00,95821.00,95620.08,95689.20,1.665812,-1.0000,-1.0000,4.853306
2025-11-16 14:24:00,BTC/USD,95630.00,95821.00,95620.08,95689.20,1.665812,-1.0000,-1.0000,4.853306
2025-11-16 14:25:32,BTC/USD,95630.00,95821.00,95620.08,95689.20,1.665812,-1.0000,-1.0000,4.853306
2025-11-16 14:24:00,BTC/USD,95630.00,95821.00,95620.08,95689.20,1.665812,-1.0000,-1.0000,4.853306
2025-11-16 14:25:35,BTC/USD,95630.00,95821.00,95620.08,95689.20,1.665812,-1.0000,-1.0000,4.853306
2025-11-16 14:24:00,BTC/USD,95630.00,95821.00,95620.08,95689.20,1.665812,-1.0000,-1.0000,4.853306
2025-11-16 14:25:38,BTC/USD,95630.00,95821.00,95620.08,95689.20,1.665812,-1.0000,-1.0000,4.853306
2025-11-16 14:24:00,BTC/USD,95630.00,95821.00,95620.08,95689.20,1.665812,-1.0000,-1.0000,4.853306
2025-11-16 14:25:42,BTC/USD,95630.00,95821.00,95620.08,95689.20,1.665812,-1.0000,-1.0000,4.853306
2025-11-16 14:24:00,BTC/USD,95630.00,95821.00,95620.08,95689.20,1.665812,-1.0000,-1.0000,4.853306
2025-11-16 14:25:45,BTC/USD,95630.00,95821.00,95620.08,95689.20,1.665812,-1.0000,-1.0000,4.853306
2025-11-16 14:24:00,BTC/USD,95630.00,95821.00,95620.08,95689.20,1.665812,-1.0000,-1.0000,4.853306
2025-11-16 14:25:48,BTC/USD,95630.00,95821.00,95620.08,95689.20,1.665812,-1.0000,-1.0000,4.853306
2025-11-16 14:24:00,BTC/USD,95630.00,95821.00,95620.08,95689.20,1.665812,-1.0000,-1.0000,4.853306
2025-11-16 14:25:52,BTC/USD,95630.00,95821.00,95620.08,95689.20,1.665812,-1.0000,-1.0000,4.853306
2025-11-16 14:24:00,BTC/USD,95630.00,95821.00,95620.08,95689.20,1.665812,-1.0000,-1.0000,4.853306
2025-11-16 14:25:55,BTC/USD,95630.00,95821.00,95620.08,95689.20,1.665812,-1.0000,-1.0000,4.853306
2025-11-16 14:24:00,BTC/USD,95630.00,95821.00,95620.08,95689.20,1.665812,-1.0000,-1.0000,4.853306
2025-11-16 14:25:58,BTC/USD,95630.00,95821.00,95620.08,95689.20,1.665812,-1.0000,-1.0000,4.853306
2025-11-16 14:24:00,BTC/USD,95630.00,95821.00,95620.08,95689.20,1.665812,-1.0000,-1.0000,4.853306
2025-11-16 14:26:01,BTC/USD,95630.00,95821.00,95620.08,95689.20,1.665812,-1.0000,-1.0000,4.853306
2025-11-16 14:24:00,BTC/USD,95630.00,95821.00,95620.08,95689.20,1.665812,-1.0000,-1.0000,4.853306
2025-11-16 14:26:05,BTC/USD,95698.01,95945.00,95620.08,95689.20,32.456284,-1.0000,-1.0000,4.853306
2025-11-16 14:14:20,BTC/USD,95698.01,95945.00,95620.08,95689.20,32.456284,-1.0000,-1.0000,4.853306
2025-11-16 14:26:08,BTC/USD,95698.01,95945.00,95620.08,95689.20,32.456284,-1.0000,-1.0000,4.853306
2025-11-16 14:14:20,BTC/USD,95698.01,95945.00,95620.08,95689.20,32.456284,-1.0000,-1.0000,4.853306
2025-11-16 14:26:11,BTC/USD,95698.01,95945.00,95620.08,95689.20,32.456284,-1.0000,-1.0000,4.853306
2025-11-16 14:14:20,BTC/USD,95698.01,95945.00,95620.08,95689.20,32.456284,-1.0000,-1.0000,4.853306
2025-11-16 14:26:15,BTC/USD,95698.01,95945.00,95620.08,95689.20,32.456284,-1.0000,-1.0000,4.853306
2025-11-16 14:14:20,BTC/USD,95698.01,95945.00,95620.08,95689.20,32.456284,-1.0000,-1.0000,4.853306
2025-11-16 14:26:18,BTC/USD,95698.01,95945.00,95620.08,95689.20,32.456284,-1.0000,-1.0000,4.853306
2025-11-16 14:14:20,BTC/USD,95698.01,95945.00,95620.08,95689.20,32.456284,-1.0000,-1.0000,4.853306
2025-11-16 14:26:21,BTC/USD,95698.01,95945.00,95620.08,95689.20,32.456284,-1.0000,-1.0000,4.853306
2025-11-16 14:14:20,BTC/USD,95698.01,95945.00,95620.08,95689.20,32.456284,-1.0000,-1.0000,4.853306
2025-11-16 14:26:25,BTC/USD,95698.01,95945.00,95620.08,95689.20,32.456284,-1.0000,-1.0000,4.853306
2025-11-16 14:14:20,BTC/USD,95698.01,95945.00,95620.08,95689.20,32.456284,-1.0000,-1.0000,4.853306
2025-11-16 14:26:28,BTC/USD,95698.01,95945.00,95620.08,95689.20,32.456284,-1.0000,-1.0000,4.853306
2025-11-16 14:14:20,BTC/USD,95698.01,95945.00,95620.08,95689.20,32.456284,-1.0000,-1.0000,4.853306
2025-11-16 14:26:31,BTC/USD,95698.01,95945.00,95620.08,95689.20,32.456284,-1.0000,-1.0000,4.853306
2025-11-16 14:14:20,BTC/USD,95698.01,95945.00,95620.08,95689.20,32.456284,-1.0000,-1.0000,4.853306
2025-11-16 14:26:34,BTC/USD,95698.01,95945.00,95620.08,95689.20,32.456284,-1.0000,-1.0000,4.853306
2025-11-16 14:14:20,BTC/USD,95698.01,95945.00,95620.08,95689.20,32.456284,-1.0000,-1.0000,4.853306
2025-11-16 14:26:38,BTC/USD,95698.01,95945.00,95620.08,95689.20,32.456284,-1.0000,-1.0000,4.853306
2025-11-16 14:14:20,BTC/USD,95698.01,95945.00,95620.08,95689.20,32.456284,-1.0000,-1.0000,4.853306
2025-11-16 14:26:41,BTC/USD,95698.01,95945.00,95620.08,95689.20,32.456284,-1.0000,-1.0000,4.853306
2025-11-16 14:14:20,BTC/USD,95698.01,95945.00,95620.08,95689.20,32.456284,-1.0000,-1.0000,4.853306
2025-11-16 14:26:44,BTC/USD,95698.01,95945.00,95620.08,95689.20,32.456284,-1.0000,-1.0000,4.853306
2025-11-16 14:14:20,BTC/USD,95698.01,95945.00,95620.08,95689.20,32.456284,-1.0000,-1.0000,4.853306
2025-11-16 14:26:48,BTC/USD,95698.01,95945.00,95620.08,95689.20,32.456284,-1.0000,-1.0000,4.853306
2025-11-16 14:14:20,BTC/USD,95698.01,95945.00,95620.08,95689.20,32.456284,-1.0000,-1.0000,4.853306
2025-11-16 14:26:51,BTC/USD,95698.01,95945.00,95620.08,95689.20,32.456284,-1.0000,-1.0000,4.853306
2025-11-16 14:14:20,BTC/USD,95698.01,95945.00,95620.08,95689.20,32.456284,-1.0000,-1.0000,4.853306
2025-11-16 14:26:54,BTC/USD,95698.01,95945.00,95620.08,95689.20,32.456284,-1.0000,-1.0000,4.853306
2025-11-16 14:14:20,BTC/USD,95698.01,95945.00,95620.08,95689.20,32.456284,-1.0000,-1.0000,4.853306
2025-11-16 14:26:58,BTC/USD,95698.01,95945.00,95620.08,95689.20,32.456284,-1.0000,-1.0000,4.853306
2025-11-16 14:14:20,BTC/USD,95698.01,95945.00,95620.08,95689.20,32.456284,-1.0000,-1.0000,4.853306
2025-11-16 14:27:01,BTC/USD,95698.01,95945.00,95620.08,95689.20,32.456284,-1.0000,-1.0000,4.853306
2025-11-16 14:14:20,BTC/USD,95698.01,95945.00,95620.08,95689.20,32.456284,-1.0000,-1.0000,4.853306
2025-11-16 14:27:04,BTC/USD,95621.07,95810.00,95547.76,95551.00,4.047158,-1.0000,-1.0000,4.853306
2025-11-16 14:25:00,BTC/USD,95621.07,95810.00,95547.76,95551.00,4.047158,-1.0000,-1.0000,4.853306
2025-11-16 14:27:08,BTC/USD,95621.07,95810.00,95547.76,95551.00,4.047158,-1.0000,-1.0000,4.853306
2025-11-16 14:25:00,BTC/USD,95621.07,95810.00,95547.76,95551.00,4.047158,-1.0000,-1.0000,4.853306
2025-11-16 14:27:11,BTC/USD,95621.07,95810.00,95547.76,95551.00,4.047158,-1.0000,-1.0000,4.853306
2025-11-16 14:25:00,BTC/USD,95621.07,95810.00,95547.76,95551.00,4.047158,-1.0000,-1.0000,4.853306
2025-11-16 14:27:14,BTC/USD,95621.07,95810.00,95547.76,95551.00,4.047158,-1.0000,-1.0000,4.853306
2025-11-16 14:25:00,BTC/USD,95621.07,95810.00,95547.76,95551.00,4.047158,-1.0000,-1.0000,4.853306
2025-11-16 14:27:18,BTC/USD,95621.07,95810.00,95547.76,95551.00,4.047158,-1.0000,-1.0000,4.853306
2025-11-16 14:25:00,BTC/USD,95621.07,95810.00,95547.76,95551.00,4.047158,-1.0000,-1.0000,4.853306
2025-11-16 14:27:21,BTC/USD,95621.07,95810.00,95547.76,95551.00,4.047158,-1.0000,-1.0000,4.853306
2025-11-16 14:25:00,BTC/USD,95621.07,95810.00,95547.76,95551.00,4.047158,-1.0000,-1.0000,4.853306
2025-11-16 14:27:24,BTC/USD,95621.07,95810.00,95547.76,95551.00,4.047158,-1.0000,-1.0000,4.853306
2025-11-16 14:25:00,BTC/USD,95621.07,95810.00,95547.76,95551.00,4.047158,-1.0000,-1.0000,4.853306
2025-11-16 14:27:28,BTC/USD,95621.07,95810.00,95547.76,95551.00,4.047158,-1.0000,-1.0000,4.853306
2025-11-16 14:25:00,BTC/USD,95621.07,95810.00,95547.76,95551.00,4.047158,-1.0000,-1.0000,4.853306
2025-11-16 14:27:31,BTC/USD,95621.07,95810.00,95547.76,95551.00,4.047158,-1.0000,-1.0000,4.853306
2025-11-16 14:25:00,BTC/USD,95621.07,95810.00,95547.76,95551.00,4.047158,-1.0000,-1.0000,4.853306
2025-11-16 14:27:34,BTC/USD,95621.07,95810.00,95547.76,95551.00,4.047158,-1.0000,-1.0000,4.853306
2025-11-16 14:25:00,BTC/USD,95621.07,95810.00,95547.76,95551.00,4.047158,-1.0000,-1.0000,4.853306
2025-11-16 14:27:37,BTC/USD,95621.07,95810.00,95547.76,95551.00,4.047158,-1.0000,-1.0000,4.853306
2025-11-16 14:25:00,BTC/USD,95621.07,95810.00,95547.76,95551.00,4.047158,-1.0000,-1.0000,4.853306
2025-11-16 14:27:41,BTC/USD,95621.07,95810.00,95547.76,95551.00,4.047158,-1.0000,-1.0000,4.853306
2025-11-16 14:25:00,BTC/USD,95621.07,95810.00,95547.76,95551.00,4.047158,-1.0000,-1.0000,4.853306
2025-11-16 14:27:44,BTC/USD,95621.07,95810.00,95547.76,95551.00,4.047158,-1.0000,-1.0000,4.853306
2025-11-16 14:25:00,BTC/USD,95621.07,95810.00,95547.76,95551.00,4.047158,-1.0000,-1.0000,4.853306
2025-11-16 14:27:47,BTC/USD,95621.07,95810.00,95547.76,95551.00,4.047158,-1.0000,-1.0000,4.853306
2025-11-16 14:25:00,BTC/USD,95621.07,95810.00,95547.76,95551.00,4.047158,-1.0000,-1.0000,4.853306
2025-11-16 14:27:51,BTC/USD,95621.07,95810.00,95547.76,95551.00,4.047158,-1.0000,-1.0000,4.853306
2025-11-16 14:25:00,BTC/USD,95621.07,95810.00,95547.76,95551.00,4.047158,-1.0000,-1.0000,4.853306
2025-11-16 14:27:54,BTC/USD,95621.07,95810.00,95547.76,95551.00,4.047158,-1.0000,-1.0000,4.853306
2025-11-16 14:25:00,BTC/USD,95621.07,95810.00,95547.76,95551.00,4.047158,-1.0000,-1.0000,4.853306
2025-11-16 14:27:57,BTC/USD,95621.07,95810.00,95547.76,95551.00,4.047158,-1.0000,-1.0000,4.853306
2025-11-16 14:25:00,BTC/USD,95621.07,95810.00,95547.76,95551.00,4.047158,-1.0000,-1.0000,4.853306
2025-11-16 14:28:01,BTC/USD,95621.07,95810.00,95547.76,95551.00,4.047158,-1.0000,-1.0000,4.853306
2025-11-16 14:25:00,BTC/USD,95621.07,95810.00,95547.76,95551.00,4.047158,-1.0000,-1.0000,4.853306
2025-11-16 14:28:04,BTC/USD,95555.20,95740.00,95526.00,95567.86,0.835728,-1.0000,-1.0000,4.853306
2025-11-16 14:26:00,BTC/USD,95555.20,95740.00,95526.00,95567.86,0.835728,-1.0000,-1.0000,4.853306
2025-11-16 14:28:07,BTC/USD,95555.20,95740.00,95526.00,95567.86,0.835728,-1.0000,-1.0000,4.853306
2025-11-16 14:26:00,BTC/USD,95555.20,95740.00,95526.00,95567.86,0.835728,-1.0000,-1.0000,4.853306
2025-11-16 14:28:10,BTC/USD,95555.20,95740.00,95526.00,95567.86,0.835728,-1.0000,-1.0000,4.853306
2025-11-16 14:26:00,BTC/USD,95555.20,95740.00,95526.00,95567.86,0.835728,-1.0000,-1.0000,4.853306
2025-11-16 14:28:14,BTC/USD,95555.20,95740.00,95526.00,95567.86,0.835728,-1.0000,-1.0000,4.853306
2025-11-16 14:26:00,BTC/USD,95555.20,95740.00,95526.00,95567.86,0.835728,-1.0000,-1.0000,4.853306
2025-11-16 14:28:17,BTC/USD,95555.20,95740.00,95526.00,95567.86,0.835728,-1.0000,-1.0000,4.853306
2025-11-16 14:26:00,BTC/USD,95555.20,95740.00,95526.00,95567.86,0.835728,-1.0000,-1.0000,4.853306
2025-11-16 14:28:20,BTC/USD,95555.20,95740.00,95526.00,95567.86,0.835728,-1.0000,-1.0000,4.853306
2025-11-16 14:26:00,BTC/USD,95555.20,95740.00,95526.00,95567.86,0.835728,-1.0000,-1.0000,4.853306
2025-11-16 14:28:24,BTC/USD,95555.20,95740.00,95526.00,95567.86,0.835728,-1.0000,-1.0000,4.853306
2025-11-16 14:26:00,BTC/USD,95555.20,95740.00,95526.00,95567.86,0.835728,-1.0000,-1.0000,4.853306
2025-11-16 14:28:27,BTC/USD,95555.20,95740.00,95526.00,95567.86,0.835728,-1.0000,-1.0000,4.853306
2025-11-16 14:26:00,BTC/USD,95555.20,95740.00,95526.00,95567.86,0.835728,-1.0000,-1.0000,4.853306
2025-11-16 14:28:30,BTC/USD,95555.20,95740.00,95526.00,95567.86,0.835728,-1.0000,-1.0000,4.853306
2025-11-16 14:26:00,BTC/USD,95555.20,95740.00,95526.00,95567.86,0.835728,-1.0000,-1.0000,4.853306
2025-11-16 14:28:34,BTC/USD,95555.20,95740.00,95526.00,95567.86,0.835728,-1.0000,-1.0000,4.853306
2025-11-16 14:26:00,BTC/USD,95555.20,95740.00,95526.00,95567.86,0.835728,-1.0000,-1.0000,4.853306
2025-11-16 14:28:37,BTC/USD,95555.20,95740.00,95526.00,95567.86,0.835728,-1.0000,-1.0000,4.853306
2025-11-16 14:26:00,BTC/USD,95555.20,95740.00,95526.00,95567.86,0.835728,-1.0000,-1.0000,4.853306
2025-11-16 14:28:40,BTC/USD,95555.20,95740.00,95526.00,95567.86,0.835728,-1.0000,-1.0000,4.853306
2025-11-16 14:26:00,BTC/USD,95555.20,95740.00,95526.00,95567.86,0.835728,-1.0000,-1.0000,4.853306
2025-11-16 14:28:44,BTC/USD,95555.20,95740.00,95526.00,95567.86,0.835728,-1.0000,-1.0000,4.853306
2025-11-16 14:26:00,BTC/USD,95555.20,95740.00,95526.00,95567.86,0.835728,-1.0000,-1.0000,4.853306
2025-11-16 14:28:47,BTC/USD,95555.20,95740.00,95526.00,95567.86,0.835728,-1.0000,-1.0000,4.853306
2025-11-16 14:26:00,BTC/USD,95555.20,95740.00,95526.00,95567.86,0.835728,-1.0000,-1.0000,4.853306
2025-11-16 14:28:51,BTC/USD,95555.20,95740.00,95526.00,95567.86,0.835728,-1.0000,-1.0000,4.853306
2025-11-16 14:26:00,BTC/USD,95555.20,95740.00,95526.00,95567.86,0.835728,-1.0000,-1.0000,4.853306
2025-11-16 14:28:54,BTC/USD,95555.20,95740.00,95526.00,95567.86,0.835728,-1.0000,-1.0000,4.853306
2025-11-16 14:26:00,BTC/USD,95555.20,95740.00,95526.00,95567.86,0.835728,-1.0000,-1.0000,4.853306
2025-11-16 14:28:57,BTC/USD,95555.20,95740.00,95526.00,95567.86,0.835728,-1.0000,-1.0000,4.853306
2025-11-16 14:26:00,BTC/USD,95555.20,95740.00,95526.00,95567.86,0.835728,-1.0000,-1.0000,4.853306
2025-11-16 14:29:01,BTC/USD,95555.20,95740.00,95526.00,95567.86,0.835728,-1.0000,-1.0000,4.853306
2025-11-16 14:26:00,BTC/USD,95555.20,95740.00,95526.00,95567.86,0.835728,-1.0000,-1.0000,4.853306
2025-11-16 14:29:04,BTC/USD,95567.85,95730.00,95515.99,95515.99,0.657058,-1.0000,-1.0000,4.853306
2025-11-16 14:27:00,BTC/USD,95567.85,95730.00,95515.99,95515.99,0.657058,-1.0000,-1.0000,4.853306
2025-11-16 14:29:07,BTC/USD,95567.85,95730.00,95515.99,95515.99,0.657058,-1.0000,-1.0000,4.853306
2025-11-16 14:27:00,BTC/USD,95567.85,95730.00,95515.99,95515.99,0.657058,-1.0000,-1.0000,4.853306
2025-11-16 14:29:10,BTC/USD,95567.85,95730.00,95515.99,95515.99,0.657058,-1.0000,-1.0000,4.853306
2025-11-16 14:27:00,BTC/USD,95567.85,95730.00,95515.99,95515.99,0.657058,-1.0000,-1.0000,4.853306
2025-11-16 14:29:14,BTC/USD,95567.85,95730.00,95515.99,95515.99,0.657058,-1.0000,-1.0000,4.853306
2025-11-16 14:27:00,BTC/USD,95567.85,95730.00,95515.99,95515.99,0.657058,-1.0000,-1.0000,4.853306
2025-11-16 14:29:17,BTC/USD,95567.85,95730.00,95515.99,95515.99,0.657058,-1.0000,-1.0000,4.853306
2025-11-16 14:27:00,BTC/USD,95567.85,95730.00,95515.99,95515.99,0.657058,-1.0000,-1.0000,4.853306
2025-11-16 14:29:20,BTC/USD,95567.85,95730.00,95515.99,95515.99,0.657058,-1.0000,-1.0000,4.853306
2025-11-16 14:27:00,BTC/USD,95567.85,95730.00,95515.99,95515.99,0.657058,-1.0000,-1.0000,4.853306
2025-11-16 14:29:24,BTC/USD,95567.85,95730.00,95515.99,95515.99,0.657058,-1.0000,-1.0000,4.853306
2025-11-16 14:27:00,BTC/USD,95567.85,95730.00,95515.99,95515.99,0.657058,-1.0000,-1.0000,4.853306
2025-11-16 14:29:27,BTC/USD,95567.85,95730.00,95515.99,95515.99,0.657058,-1.0000,-1.0000,4.853306
2025-11-16 14:27:00,BTC/USD,95567.85,95730.00,95515.99,95515.99,0.657058,-1.0000,-1.0000,4.853306
2025-11-16 14:29:30,BTC/USD,95567.85,95730.00,95515.99,95515.99,0.657058,-1.0000,-1.0000,4.853306
2025-11-16 14:27:00,BTC/USD,95567.85,95730.00,95515.99,95515.99,0.657058,-1.0000,-1.0000,4.853306
2025-11-16 14:29:34,BTC/USD,95567.85,95730.00,95515.99,95515.99,0.657058,-1.0000,-1.0000,4.853306
2025-11-16 14:27:00,BTC/USD,95567.85,95730.00,95515.99,95515.99,0.657058,-1.0000,-1.0000,4.853306
2025-11-16 14:29:37,BTC/USD,95567.85,95730.00,95515.99,95515.99,0.657058,-1.0000,-1.0000,4.853306
2025-11-16 14:27:00,BTC/USD,95567.85,95730.00,95515.99,95515.99,0.657058,-1.0000,-1.0000,4.853306
2025-11-16 14:29:40,BTC/USD,95567.85,95730.00,95515.99,95515.99,0.657058,-1.0000,-1.0000,4.853306
2025-11-16 14:27:00,BTC/USD,95567.85,95730.00,95515.99,95515.99,0.657058,-1.0000,-1.0000,4.853306
2025-11-16 14:29:43,BTC/USD,95567.85,95730.00,95515.99,95515.99,0.657058,-1.0000,-1.0000,4.853306
2025-11-16 14:27:00,BTC/USD,95567.85,95730.00,95515.99,95515.99,0.657058,-1.0000,-1.0000,4.853306
2025-11-16 14:29:47,BTC/USD,95567.85,95730.00,95515.99,95515.99,0.657058,-1.0000,-1.0000,4.853306
2025-11-16 14:27:00,BTC/USD,95567.85,95730.00,95515.99,95515.99,0.657058,-1.0000,-1.0000,4.853306
2025-11-16 14:29:50,BTC/USD,95567.85,95730.00,95515.99,95515.99,0.657058,-1.0000,-1.0000,4.853306
2025-11-16 14:27:00,BTC/USD,95567.85,95730.00,95515.99,95515.99,0.657058,-1.0000,-1.0000,4.853306
2025-11-16 14:29:54,BTC/USD,95567.85,95730.00,95515.99,95515.99,0.657058,-1.0000,-1.0000,4.853306
2025-11-16 14:27:00,BTC/USD,95567.85,95730.00,95515.99,95515.99,0.657058,-1.0000,-1.0000,4.853306
2025-11-16 14:29:57,BTC/USD,95567.85,95730.00,95515.99,95515.99,0.657058,-1.0000,-1.0000,4.853306
2025-11-16 14:27:00,BTC/USD,95567.85,95730.00,95515.99,95515.99,0.657058,-1.0000,-1.0000,4.853306
2025-11-16 14:30:00,BTC/USD,95567.85,95730.00,95515.99,95515.99,0.657058,-1.0000,-1.0000,4.853306
2025-11-16 14:27:00,BTC/USD,95567.85,95730.00,95515.99,95515.99,0.657058,-1.0000,-1.0000,4.853306
2025-11-16 14:30:03,BTC/USD,95515.99,95588.50,95515.99,95527.70,1.592696,-1.0000,-1.0000,4.853306
2025-11-16 14:28:00,BTC/USD,95515.99,95588.50,95515.99,95527.70,1.592696,-1.0000,-1.0000,4.853306
2025-11-16 14:30:07,BTC/USD,95515.99,95588.50,95515.99,95527.70,1.592696,-1.0000,-1.0000,4.853306
2025-11-16 14:28:00,BTC/USD,95515.99,95588.50,95515.99,95527.70,1.592696,-1.0000,-1.0000,4.853306
2025-11-16 14:30:10,BTC/USD,95515.99,95588.50,95515.99,95527.70,1.592696,-1.0000,-1.0000,4.853306
2025-11-16 14:28:00,BTC/USD,95515.99,95588.50,95515.99,95527.70,1.592696,-1.0000,-1.0000,4.853306
2025-11-16 14:30:13,BTC/USD,95515.99,95588.50,95515.99,95527.70,1.592696,-1.0000,-1.0000,4.853306
2025-11-16 14:28:00,BTC/USD,95515.99,95588.50,95515.99,95527.70,1.592696,-1.0000,-1.0000,4.853306
2025-11-16 14:30:17,BTC/USD,95515.99,95588.50,95515.99,95527.70,1.592696,-1.0000,-1.0000,4.853306
2025-11-16 14:28:00,BTC/USD,95515.99,95588.50,95515.99,95527.70,1.592696,-1.0000,-1.0000,4.853306
2025-11-16 14:30:20,BTC/USD,95515.99,95588.50,95515.99,95527.70,1.592696,-1.0000,-1.0000,4.853306
2025-11-16 14:28:00,BTC/USD,95515.99,95588.50,95515.99,95527.70,1.592696,-1.0000,-1.0000,4.853306
2025-11-16 14:30:23,BTC/USD,95515.99,95588.50,95515.99,95527.70,1.592696,-1.0000,-1.0000,4.853306
2025-11-16 14:28:00,BTC/USD,95515.99,95588.50,95515.99,95527.70,1.592696,-1.0000,-1.0000,4.853306
2025-11-16 14:30:27,BTC/USD,95538.60,95710.00,95287.70,95332.91,66.327326,-1.0000,-1.0000,4.853306
2025-11-16 14:29:00,BTC/USD,95538.60,95710.00,95287.70,95332.91,66.327326,-1.0000,-1.0000,4.853306
2025-11-16 14:30:30,BTC/USD,95538.60,95710.00,95287.70,95332.91,66.327326,-1.0000,-1.0000,18.165209
2025-11-16 14:29:00,BTC/USD,95538.60,95710.00,95287.70,95332.91,66.327326,-1.0000,-1.0000,18.165209
2025-11-16 14:30:33,BTC/USD,95538.60,95710.00,95287.70,95332.91,66.327326,-1.0000,-1.0000,18.165209
2025-11-16 14:29:00,BTC/USD,95538.60,95710.00,95287.70,95332.91,66.327326,-1.0000,-1.0000,18.165209
2025-11-16 14:30:37,BTC/USD,95538.60,95710.00,95287.70,95332.91,66.327326,-1.0000,-1.0000,18.165209
2025-11-16 14:29:00,BTC/USD,95538.60,95710.00,95287.70,95332.91,66.327326,-1.0000,-1.0000,18.165209
2025-11-16 14:30:40,BTC/USD,95538.60,95710.00,95287.70,95332.91,66.327326,-1.0000,-1.0000,18.165209
2025-11-16 14:29:00,BTC/USD,95538.60,95710.00,95287.70,95332.91,66.327326,-1.0000,-1.0000,18.165209
2025-11-16 14:30:43,BTC/USD,95538.60,95710.00,95287.70,95332.91,66.327326,-1.0000,-1.0000,18.165209
2025-11-16 14:29:00,BTC/USD,95538.60,95710.00,95287.70,95332.91,66.327326,-1.0000,-1.0000,18.165209
2025-11-16 14:30:47,BTC/USD,95538.60,95710.00,95287.70,95332.91,66.327326,-1.0000,-1.0000,18.165209
2025-11-16 14:29:00,BTC/USD,95538.60,95710.00,95287.70,95332.91,66.327326,-1.0000,-1.0000,18.165209
2025-11-16 14:30:50,BTC/USD,95538.60,95710.00,95287.70,95332.91,66.327326,-1.0000,-1.0000,18.165209
2025-11-16 14:29:00,BTC/USD,95538.60,95710.00,95287.70,95332.91,66.327326,-1.0000,-1.0000,18.165209
2025-11-16 14:30:53,BTC/USD,95538.60,95710.00,95287.70,95332.91,66.327326,-1.0000,-1.0000,18.165209
2025-11-16 14:29:00,BTC/USD,95538.60,95710.00,95287.70,95332.91,66.327326,-1.0000,-1.0000,18.165209
2025-11-16 14:30:57,BTC/USD,95538.60,95710.00,95287.70,95332.91,66.327326,-1.0000,-1.0000,18.165209
2025-11-16 14:29:00,BTC/USD,95538.60,95710.00,95287.70,95332.91,66.327326,-1.0000,-1.0000,18.165209
2025-11-16 14:31:00,BTC/USD,95538.60,95710.00,95287.70,95332.91,66.327326,-1.0000,-1.0000,18.165209
2025-11-16 14:29:00,BTC/USD,95538.60,95710.00,95287.70,95332.91,66.327326,-1.0000,-1.0000,18.165209
2025-11-16 14:31:03,BTC/USD,95698.01,95945.00,95287.70,95332.91,138.372533,-1.0000,-1.0000,18.165209
2025-11-16 14:14:20,BTC/USD,95698.01,95945.00,95287.70,95332.91,138.372533,-1.0000,-1.0000,18.165209
2025-11-16 14:31:06,BTC/USD,95698.01,95945.00,95287.70,95332.91,138.372533,-1.0000,-1.0000,18.165209
2025-11-16 14:14:20,BTC/USD,95698.01,95945.00,95287.70,95332.91,138.372533,-1.0000,-1.0000,18.165209
2025-11-16 14:31:10,BTC/USD,95698.01,95945.00,95287.70,95332.91,138.372533,-1.0000,-1.0000,18.165209
2025-11-16 14:14:20,BTC/USD,95698.01,95945.00,95287.70,95332.91,138.372533,-1.0000,-1.0000,18.165209
2025-11-16 14:31:13,BTC/USD,95698.01,95945.00,95287.70,95332.91,138.372533,-1.0000,-1.0000,18.165209
2025-11-16 14:14:20,BTC/USD,95698.01,95945.00,95287.70,95332.91,138.372533,-1.0000,-1.0000,18.165209
2025-11-16 14:31:16,BTC/USD,95698.01,95945.00,95287.70,95332.91,138.372533,-1.0000,-1.0000,18.165209
2025-11-16 14:14:20,BTC/USD,95698.01,95945.00,95287.70,95332.91,138.372533,-1.0000,-1.0000,18.165209
2025-11-16 14:31:20,BTC/USD,95698.01,95945.00,95287.70,95332.91,138.372533,-1.0000,-1.0000,18.165209
2025-11-16 14:14:20,BTC/USD,95698.01,95945.00,95287.70,95332.91,138.372533,-1.0000,-1.0000,18.165209
2025-11-16 14:31:23,BTC/USD,95698.01,95945.00,95287.70,95332.91,138.372533,-1.0000,-1.0000,18.165209
2025-11-16 14:14:20,BTC/USD,95698.01,95945.00,95287.70,95332.91,138.372533,-1.0000,-1.0000,18.165209
2025-11-16 14:31:26,BTC/USD,95698.01,95945.00,95287.70,95332.91,138.372533,-1.0000,-1.0000,18.165209
2025-11-16 14:14:20,BTC/USD,95698.01,95945.00,95287.70,95332.91,138.372533,-1.0000,-1.0000,18.165209
2025-11-16 14:31:30,BTC/USD,95698.01,95945.00,95287.70,95332.91,138.372533,-1.0000,-1.0000,18.165209
2025-11-16 14:14:20,BTC/USD,95698.01,95945.00,95287.70,95332.91,138.372533,-1.0000,-1.0000,18.165209
2025-11-16 14:31:33,BTC/USD,95698.01,95945.00,95287.70,95332.91,138.372533,-1.0000,-1.0000,18.165209
2025-11-16 14:14:20,BTC/USD,95698.01,95945.00,95287.70,95332.91,138.372533,-1.0000,-1.0000,18.165209
2025-11-16 14:31:36,BTC/USD,95698.01,95945.00,95287.70,95332.91,138.372533,-1.0000,-1.0000,18.165209
2025-11-16 14:14:20,BTC/USD,95698.01,95945.00,95287.70,95332.91,138.372533,-1.0000,-1.0000,18.165209
2025-11-16 14:31:40,BTC/USD,95698.01,95945.00,95287.70,95332.91,138.372533,-1.0000,-1.0000,18.165209
2025-11-16 14:14:20,BTC/USD,95698.01,95945.00,95287.70,95332.91,138.372533,-1.0000,-1.0000,18.165209
2025-11-16 14:31:43,BTC/USD,95698.01,95945.00,95287.70,95332.91,138.372533,-1.0000,-1.0000,18.165209
2025-11-16 14:14:20,BTC/USD,95698.01,95945.00,95287.70,95332.91,138.372533,-1.0000,-1.0000,18.165209
2025-11-16 14:31:46,BTC/USD,95698.01,95945.00,95287.70,95332.91,138.372533,-1.0000,-1.0000,18.165209
2025-11-16 14:14:20,BTC/USD,95698.01,95945.00,95287.70,95332.91,138.372533,-1.0000,-1.0000,18.165209
2025-11-16 14:31:49,BTC/USD,95698.01,95945.00,95287.70,95332.91,138.372533,-1.0000,-1.0000,18.165209
2025-11-16 14:14:20,BTC/USD,95698.01,95945.00,95287.70,95332.91,138.372533,-1.0000,-1.0000,18.165209
2025-11-16 14:31:53,BTC/USD,95698.01,95945.00,95287.70,95332.91,138.372533,-1.0000,-1.0000,18.165209
2025-11-16 14:14:20,BTC/USD,95698.01,95945.00,95287.70,95332.91,138.372533,-1.0000,-1.0000,18.165209
2025-11-16 14:31:56,BTC/USD,95698.01,95945.00,95287.70,95332.91,138.372533,-1.0000,-1.0000,18.165209
2025-11-16 14:14:20,BTC/USD,95698.01,95945.00,95287.70,95332.91,138.372533,-1.0000,-1.0000,18.165209
2025-11-16 14:32:00,BTC/USD,95698.01,95945.00,95287.70,95332.91,138.372533,-1.0000,-1.0000,18.165209
2025-11-16 14:14:20,BTC/USD,95698.01,95945.00,95287.70,95332.91,138.372533,-1.0000,-1.0000,18.165209
2025-11-16 14:32:03,BTC/USD,95316.20,95548.00,95260.69,95375.59,28.391416,-1.0000,-1.0000,18.165209
2025-11-16 14:30:00,BTC/USD,95316.20,95548.00,95260.69,95375.59,28.391416,-1.0000,-1.0000,18.165209
2025-11-16 14:32:06,BTC/USD,95316.20,95548.00,95260.69,95375.59,28.391416,-1.0000,-1.0000,18.165209
2025-11-16 14:30:00,BTC/USD,95316.20,95548.00,95260.69,95375.59,28.391416,-1.0000,-1.0000,18.165209
2025-11-16 14:32:10,BTC/USD,95316.20,95548.00,95260.69,95375.59,28.391416,-1.0000,-1.0000,18.165209
2025-11-16 14:30:00,BTC/USD,95316.20,95548.00,95260.69,95375.59,28.391416,-1.0000,-1.0000,18.165209
2025-11-16 14:32:13,BTC/USD,95316.20,95548.00,95260.69,95375.59,28.391416,-1.0000,-1.0000,18.165209
2025-11-16 14:30:00,BTC/USD,95316.20,95548.00,95260.69,95375.59,28.391416,-1.0000,-1.0000,18.165209
2025-11-16 14:32:16,BTC/USD,95316.20,95548.00,95260.69,95375.59,28.391416,-1.0000,-1.0000,18.165209
2025-11-16 14:30:00,BTC/USD,95316.20,95548.00,95260.69,95375.59,28.391416,-1.0000,-1.0000,18.165209
2025-11-16 14:32:19,BTC/USD,95316.20,95548.00,95260.69,95375.59,28.391416,-1.0000,-1.0000,18.165209
2025-11-16 14:30:00,BTC/USD,95316.20,95548.00,95260.69,95375.59,28.391416,-1.0000,-1.0000,18.165209
2025-11-16 14:32:23,BTC/USD,95316.20,95548.00,95260.69,95375.59,28.391416,-1.0000,-1.0000,18.165209
2025-11-16 14:30:00,BTC/USD,95316.20,95548.00,95260.69,95375.59,28.391416,-1.0000,-1.0000,18.165209
2025-11-16 14:32:26,BTC/USD,95316.20,95548.00,95260.69,95375.59,28.391416,-1.0000,-1.0000,18.165209
2025-11-16 14:30:00,BTC/USD,95316.20,95548.00,95260.69,95375.59,28.391416,-1.0000,-1.0000,18.165209
2025-11-16 14:32:29,BTC/USD,95316.20,95548.00,95260.69,95375.59,28.391416,-1.0000,-1.0000,18.165209
2025-11-16 14:30:00,BTC/USD,95316.20,95548.00,95260.69,95375.59,28.391416,-1.0000,-1.0000,18.165209
2025-11-16 14:32:33,BTC/USD,95316.20,95548.00,95260.69,95375.59,28.391416,-1.0000,-1.0000,18.165209
2025-11-16 14:30:00,BTC/USD,95316.20,95548.00,95260.69,95375.59,28.391416,-1.0000,-1.0000,18.165209
2025-11-16 14:32:36,BTC/USD,95316.20,95548.00,95260.69,95375.59,28.391416,-1.0000,-1.0000,18.165209
2025-11-16 14:30:00,BTC/USD,95316.20,95548.00,95260.69,95375.59,28.391416,-1.0000,-1.0000,18.165209
2025-11-16 14:32:39,BTC/USD,95316.20,95548.00,95260.69,95375.59,28.391416,-1.0000,-1.0000,18.165209
2025-11-16 14:30:00,BTC/USD,95316.20,95548.00,95260.69,95375.59,28.391416,-1.0000,-1.0000,18.165209
2025-11-16 14:32:43,BTC/USD,95316.20,95548.00,95260.69,95375.59,28.391416,-1.0000,-1.0000,18.165209
2025-11-16 14:30:00,BTC/USD,95316.20,95548.00,95260.69,95375.59,28.391416,-1.0000,-1.0000,18.165209
2025-11-16 14:32:46,BTC/USD,95316.20,95548.00,95260.69,95375.59,28.391416,-1.0000,-1.0000,18.165209
2025-11-16 14:30:00,BTC/USD,95316.20,95548.00,95260.69,95375.59,28.391416,-1.0000,-1.0000,18.165209
2025-11-16 14:32:49,BTC/USD,95316.20,95548.00,95260.69,95375.59,28.391416,-1.0000,-1.0000,18.165209
2025-11-16 14:30:00,BTC/USD,95316.20,95548.00,95260.69,95375.59,28.391416,-1.0000,-1.0000,18.165209
2025-11-16 14:32:53,BTC/USD,95316.20,95548.00,95260.69,95375.59,28.391416,-1.0000,-1.0000,18.165209
2025-11-16 14:30:00,BTC/USD,95316.20,95548.00,95260.69,95375.59,28.391416,-1.0000,-1.0000,18.165209
2025-11-16 14:32:56,BTC/USD,95316.20,95548.00,95260.69,95375.59,28.391416,-1.0000,-1.0000,18.165209
2025-11-16 14:30:00,BTC/USD,95316.20,95548.00,95260.69,95375.59,28.391416,-1.0000,-1.0000,18.165209
2025-11-16 14:32:59,BTC/USD,95316.20,95548.00,95260.69,95375.59,28.391416,-1.0000,-1.0000,18.165209
2025-11-16 14:30:00,BTC/USD,95316.20,95548.00,95260.69,95375.59,28.391416,-1.0000,-1.0000,18.165209
2025-11-16 14:33:03,BTC/USD,95375.58,95570.00,95300.00,95381.19,5.956766,-1.0000,-1.0000,18.165209
2025-11-16 14:31:00,BTC/USD,95375.58,95570.00,95300.00,95381.19,5.956766,-1.0000,-1.0000,18.165209
2025-11-16 14:33:06,BTC/USD,95375.58,95570.00,95300.00,95381.19,5.956766,-1.0000,-1.0000,18.165209
2025-11-16 14:31:00,BTC/USD,95375.58,95570.00,95300.00,95381.19,5.956766,-1.0000,-1.0000,18.165209
2025-11-16 14:33:09,BTC/USD,95375.58,95570.00,95300.00,95381.19,5.956766,-1.0000,-1.0000,18.165209
2025-11-16 14:31:00,BTC/USD,95375.58,95570.00,95300.00,95381.19,5.956766,-1.0000,-1.0000,18.165209
2025-11-16 14:33:13,BTC/USD,95375.58,95570.00,95300.00,95381.19,5.956766,-1.0000,-1.0000,18.165209
2025-11-16 14:31:00,BTC/USD,95375.58,95570.00,95300.00,95381.19,5.956766,-1.0000,-1.0000,18.165209
2025-11-16 14:33:16,BTC/USD,95375.58,95570.00,95300.00,95381.19,5.956766,-1.0000,-1.0000,18.165209
2025-11-16 14:31:00,BTC/USD,95375.58,95570.00,95300.00,95381.19,5.956766,-1.0000,-1.0000,18.165209
2025-11-16 14:33:19,BTC/USD,95375.58,95570.00,95300.00,95381.19,5.956766,-1.0000,-1.0000,18.165209
2025-11-16 14:31:00,BTC/USD,95375.58,95570.00,95300.00,95381.19,5.956766,-1.0000,-1.0000,18.165209
2025-11-16 14:33:23,BTC/USD,95375.58,95570.00,95300.00,95381.19,5.956766,-1.0000,-1.0000,18.165209
2025-11-16 14:31:00,BTC/USD,95375.58,95570.00,95300.00,95381.19,5.956766,-1.0000,-1.0000,18.165209
2025-11-16 14:33:26,BTC/USD,95375.58,95570.00,95300.00,95381.19,5.956766,-1.0000,-1.0000,18.165209
2025-11-16 14:31:00,BTC/USD,95375.58,95570.00,95300.00,95381.19,5.956766,-1.0000,-1.0000,18.165209
2025-11-16 14:33:29,BTC/USD,95375.58,95570.00,95300.00,95381.19,5.956766,-1.0000,-1.0000,18.165209
2025-11-16 14:31:00,BTC/USD,95375.58,95570.00,95300.00,95381.19,5.956766,-1.0000,-1.0000,18.165209
2025-11-16 14:33:33,BTC/USD,95375.58,95570.00,95300.00,95381.19,5.956766,-1.0000,-1.0000,18.165209
2025-11-16 14:31:00,BTC/USD,95375.58,95570.00,95300.00,95381.19,5.956766,-1.0000,-1.0000,18.165209
2025-11-16 14:33:36,BTC/USD,95375.58,95570.00,95300.00,95381.19,5.956766,-1.0000,-1.0000,18.165209
2025-11-16 14:31:00,BTC/USD,95375.58,95570.00,95300.00,95381.19,5.956766,-1.0000,-1.0000,18.165209
2025-11-16 14:33:39,BTC/USD,95375.58,95570.00,95300.00,95381.19,5.956766,-1.0000,-1.0000,18.165209
2025-11-16 14:31:00,BTC/USD,95375.58,95570.00,95300.00,95381.19,5.956766,-1.0000,-1.0000,18.165209
2025-11-16 14:33:43,BTC/USD,95375.58,95570.00,95300.00,95381.19,5.956766,-1.0000,-1.0000,18.165209
2025-11-16 14:31:00,BTC/USD,95375.58,95570.00,95300.00,95381.19,5.956766,-1.0000,-1.0000,18.165209
2025-11-16 14:33:46,BTC/USD,95375.58,95570.00,95300.00,95381.19,5.956766,-1.0000,-1.0000,18.165209
2025-11-16 14:31:00,BTC/USD,95375.58,95570.00,95300.00,95381.19,5.956766,-1.0000,-1.0000,18.165209
2025-11-16 14:33:49,BTC/USD,95375.58,95570.00,95300.00,95381.19,5.956766,-1.0000,-1.0000,18.165209
2025-11-16 14:31:00,BTC/USD,95375.58,95570.00,95300.00,95381.19,5.956766,-1.0000,-1.0000,18.165209
2025-11-16 14:33:52,BTC/USD,95375.58,95570.00,95300.00,95381.19,5.956766,-1.0000,-1.0000,18.165209
2025-11-16 14:31:00,BTC/USD,95375.58,95570.00,95300.00,95381.19,5.956766,-1.0000,-1.0000,18.165209
2025-11-16 14:33:56,BTC/USD,95375.58,95570.00,95300.00,95381.19,5.956766,-1.0000,-1.0000,18.165209
2025-11-16 14:31:00,BTC/USD,95375.58,95570.00,95300.00,95381.19,5.956766,-1.0000,-1.0000,18.165209
2025-11-16 14:33:59,BTC/USD,95375.58,95570.00,95300.00,95381.19,5.956766,-1.0000,-1.0000,18.165209
2025-11-16 14:31:00,BTC/USD,95375.58,95570.00,95300.00,95381.19,5.956766,-1.0000,-1.0000,18.165209
2025-11-16 14:34:02,BTC/USD,95381.19,95570.00,95300.00,95397.99,4.266256,-1.0000,-1.0000,18.165209
2025-11-16 14:32:00,BTC/USD,95381.19,95570.00,95300.00,95397.99,4.266256,-1.0000,-1.0000,18.165209
2025-11-16 14:34:06,BTC/USD,95381.19,95570.00,95300.00,95397.99,4.266256,-1.0000,-1.0000,18.165209
2025-11-16 14:32:00,BTC/USD,95381.19,95570.00,95300.00,95397.99,4.266256,-1.0000,-1.0000,18.165209
2025-11-16 14:34:09,BTC/USD,95381.19,95570.00,95300.00,95397.99,4.266256,-1.0000,-1.0000,18.165209
2025-11-16 14:32:00,BTC/USD,95381.19,95570.00,95300.00,95397.99,4.266256,-1.0000,-1.0000,18.165209
2025-11-16 14:34:12,BTC/USD,95381.19,95570.00,95300.00,95397.99,4.266256,-1.0000,-1.0000,18.165209
2025-11-16 14:32:00,BTC/USD,95381.19,95570.00,95300.00,95397.99,4.266256,-1.0000,-1.0000,18.165209
2025-11-16 14:34:16,BTC/USD,95381.19,95570.00,95300.00,95397.99,4.266256,-1.0000,-1.0000,18.165209
2025-11-16 14:32:00,BTC/USD,95381.19,95570.00,95300.00,95397.99,4.266256,-1.0000,-1.0000,18.165209
2025-11-16 14:34:19,BTC/USD,95381.19,95570.00,95300.00,95397.99,4.266256,-1.0000,-1.0000,18.165209
2025-11-16 14:32:00,BTC/USD,95381.19,95570.00,95300.00,95397.99,4.266256,-1.0000,-1.0000,18.165209
2025-11-16 14:34:22,BTC/USD,95381.19,95570.00,95300.00,95397.99,4.266256,-1.0000,-1.0000,18.165209
2025-11-16 14:32:00,BTC/USD,95381.19,95570.00,95300.00,95397.99,4.266256,-1.0000,-1.0000,18.165209
2025-11-16 14:34:26,BTC/USD,95381.19,95570.00,95300.00,95397.99,4.266256,-1.0000,-1.0000,18.165209
2025-11-16 14:32:00,BTC/USD,95381.19,95570.00,95300.00,95397.99,4.266256,-1.0000,-1.0000,18.165209
2025-11-16 14:34:29,BTC/USD,95381.19,95570.00,95300.00,95397.99,4.266256,-1.0000,-1.0000,18.165209
2025-11-16 14:32:00,BTC/USD,95381.19,95570.00,95300.00,95397.99,4.266256,-1.0000,-1.0000,18.165209
2025-11-16 14:34:32,BTC/USD,95381.19,95570.00,95300.00,95397.99,4.266256,-1.0000,-1.0000,18.165209
2025-11-16 14:32:00,BTC/USD,95381.19,95570.00,95300.00,95397.99,4.266256,-1.0000,-1.0000,18.165209
2025-11-16 14:34:35,BTC/USD,95381.19,95570.00,95300.00,95397.99,4.266256,-1.0000,-1.0000,18.165209
2025-11-16 14:32:00,BTC/USD,95381.19,95570.00,95300.00,95397.99,4.266256,-1.0000,-1.0000,18.165209
2025-11-16 14:34:39,BTC/USD,95381.19,95570.00,95300.00,95397.99,4.266256,-1.0000,-1.0000,18.165209
2025-11-16 14:32:00,BTC/USD,95381.19,95570.00,95300.00,95397.99,4.266256,-1.0000,-1.0000,18.165209
2025-11-16 14:34:42,BTC/USD,95381.19,95570.00,95300.00,95397.99,4.266256,-1.0000,-1.0000,18.165209
2025-11-16 14:32:00,BTC/USD,95381.19,95570.00,95300.00,95397.99,4.266256,-1.0000,-1.0000,18.165209
2025-11-16 14:34:45,BTC/USD,95381.19,95570.00,95300.00,95397.99,4.266256,-1.0000,-1.0000,18.165209
2025-11-16 14:32:00,BTC/USD,95381.19,95570.00,95300.00,95397.99,4.266256,-1.0000,-1.0000,18.165209
2025-11-16 14:34:49,BTC/USD,95381.19,95570.00,95300.00,95397.99,4.266256,-1.0000,-1.0000,18.165209
2025-11-16 14:32:00,BTC/USD,95381.19,95570.00,95300.00,95397.99,4.266256,-1.0000,-1.0000,18.165209
2025-11-16 14:34:52,BTC/USD,95381.19,95570.00,95300.00,95397.99,4.266256,-1.0000,-1.0000,18.165209
2025-11-16 14:32:00,BTC/USD,95381.19,95570.00,95300.00,95397.99,4.266256,-1.0000,-1.0000,18.165209
2025-11-16 14:34:55,BTC/USD,95381.19,95570.00,95300.00,95397.99,4.266256,-1.0000,-1.0000,18.165209
2025-11-16 14:32:00,BTC/USD,95381.19,95570.00,95300.00,95397.99,4.266256,-1.0000,-1.0000,18.165209
2025-11-16 14:34:59,BTC/USD,95381.19,95570.00,95300.00,95397.99,4.266256,-1.0000,-1.0000,18.165209
2025-11-16 14:32:00,BTC/USD,95381.19,95570.00,95300.00,95397.99,4.266256,-1.0000,-1.0000,18.165209
2025-11-16 14:35:02,BTC/USD,95397.99,95570.00,95325.70,95570.00,7.363101,-1.0000,-1.0000,18.165209
2025-11-16 14:33:00,BTC/USD,95397.99,95570.00,95325.70,95570.00,7.363101,-1.0000,-1.0000,18.165209
2025-11-16 14:35:05,BTC/USD,95397.99,95570.00,95325.70,95570.00,7.363101,-1.0000,-1.0000,18.165209
2025-11-16 14:33:00,BTC/USD,95397.99,95570.00,95325.70,95570.00,7.363101,-1.0000,-1.0000,18.165209
2025-11-16 14:35:09,BTC/USD,95397.99,95570.00,95325.70,95570.00,7.363101,-1.0000,-1.0000,18.165209
2025-11-16 14:33:00,BTC/USD,95397.99,95570.00,95325.70,95570.00,7.363101,-1.0000,-1.0000,18.165209
2025-11-16 14:35:12,BTC/USD,95397.99,95570.00,95325.70,95570.00,7.363101,-1.0000,-1.0000,18.165209
2025-11-16 14:33:00,BTC/USD,95397.99,95570.00,95325.70,95570.00,7.363101,-1.0000,-1.0000,18.165209
2025-11-16 14:35:15,BTC/USD,95397.99,95570.00,95325.70,95570.00,7.363101,-1.0000,-1.0000,18.165209
2025-11-16 14:33:00,BTC/USD,95397.99,95570.00,95325.70,95570.00,7.363101,-1.0000,-1.0000,18.165209
2025-11-16 14:35:19,BTC/USD,95397.99,95570.00,95325.70,95570.00,7.363101,-1.0000,-1.0000,18.165209
2025-11-16 14:33:00,BTC/USD,95397.99,95570.00,95325.70,95570.00,7.363101,-1.0000,-1.0000,18.165209
2025-11-16 14:35:22,BTC/USD,95397.99,95570.00,95325.70,95570.00,7.363101,-1.0000,-1.0000,18.165209
2025-11-16 14:33:00,BTC/USD,95397.99,95570.00,95325.70,95570.00,7.363101,-1.0000,-1.0000,18.165209
2025-11-16 14:35:25,BTC/USD,95397.99,95570.00,95325.70,95570.00,7.363101,-1.0000,-1.0000,18.165209
2025-11-16 14:33:00,BTC/USD,95397.99,95570.00,95325.70,95570.00,7.363101,-1.0000,-1.0000,18.165209
2025-11-16 14:35:29,BTC/USD,95438.00,95570.00,95415.00,95570.00,31.931581,-1.0000,-1.0000,18.165209
2025-11-16 14:34:00,BTC/USD,95438.00,95570.00,95415.00,95570.00,31.931581,-1.0000,-1.0000,18.165209
2025-11-16 14:35:32,BTC/USD,95438.00,95570.00,95415.00,95570.00,31.931581,-1.0000,-1.0000,18.165209
2025-11-16 14:34:00,BTC/USD,95438.00,95570.00,95415.00,95570.00,31.931581,-1.0000,-1.0000,18.165209
2025-11-16 14:35:35,BTC/USD,95438.00,95570.00,95415.00,95570.00,31.931581,-1.0000,-1.0000,18.165209
2025-11-16 14:34:00,BTC/USD,95438.00,95570.00,95415.00,95570.00,31.931581,-1.0000,-1.0000,18.165209
2025-11-16 14:35:38,BTC/USD,95438.00,95570.00,95415.00,95570.00,31.931581,-1.0000,-1.0000,18.165209
2025-11-16 14:34:00,BTC/USD,95438.00,95570.00,95415.00,95570.00,31.931581,-1.0000,-1.0000,18.165209
2025-11-16 14:35:42,BTC/USD,95438.00,95570.00,95415.00,95570.00,31.931581,-1.0000,-1.0000,18.165209
2025-11-16 14:34:00,BTC/USD,95438.00,95570.00,95415.00,95570.00,31.931581,-1.0000,-1.0000,18.165209
